20061121.5 2454061.0  240.02  240.02 43 27 3.909594e-02 1.2573e-04     0.0
20061121.5 2454061.0  240.11  240.11 43 27 4.039185e-02 1.2542e-04     0.0
20061121.5 2454061.0  240.19  240.19 43 27 4.086087e-02 1.2513e-04     0.0
20061121.5 2454061.0  240.28  240.28 43 27 4.033784e-02 1.2483e-04     0.0
20061121.5 2454061.0  240.37  240.37 43 27 3.923158e-02 1.2451e-04     0.0
20061121.5 2454061.0  240.46  240.46 43 27 3.807317e-02 1.2419e-04     0.0
20061121.5 2454061.0  240.55  240.55 43 27 3.709689e-02 1.2386e-04     0.0
20061121.5 2454061.0  240.64  240.64 43 27 3.628034e-02 1.2354e-04     0.0
20061121.5 2454061.0  240.73  240.73 43 27 3.575618e-02 1.2277e-04     0.0
20061121.5 2454061.0  240.82  240.82 43 27 3.585222e-02 1.2252e-04     0.0
20061121.5 2454061.0  240.92  240.92 43 27 3.630692e-02 1.2223e-04     0.0
20061121.5 2454061.0  241.01  241.01 43 27 3.682982e-02 1.2197e-04     0.0
20061121.5 2454061.0  241.10  241.10 43 27 3.732437e-02 1.2170e-04     0.0
20061121.5 2454061.0  241.19  241.19 43 27 3.831891e-02 1.2144e-04     0.0
20061121.5 2454061.0  241.28  241.28 43 27 3.966322e-02 1.2117e-04     0.0
20061121.5 2454061.0  241.37  241.37 43 27 4.159064e-02 1.2091e-04     0.0
20061121.5 2454061.0  241.46  241.46 43 27 4.392361e-02 1.2064e-04     0.0
20061121.5 2454061.0  241.55  241.55 43 27 4.702202e-02 1.2037e-04     0.0
20061121.5 2454061.0  241.64  241.64 43 27 5.077240e-02 1.2010e-04     0.0
20061121.5 2454061.0  241.74  241.74 43 27 5.498965e-02 1.1980e-04     0.0
20061121.5 2454061.0  241.83  241.83 43 27 5.853986e-02 1.1952e-04     0.0
20061121.5 2454061.0  241.92  241.92 43 27 6.178916e-02 1.1925e-04     0.0
20061121.5 2454061.0  242.01  242.01 43 27 6.419750e-02 1.1897e-04     0.0
20061121.5 2454061.0  242.11  242.11 43 27 6.594791e-02 1.1866e-04     0.0
20061121.5 2454061.0  242.20  242.20 43 27 6.724328e-02 1.1838e-04     0.0
20061121.5 2454061.0  242.29  242.29 43 27 6.791555e-02 1.1810e-04     0.0
20061121.5 2454061.0  242.38  242.38 43 27 6.805952e-02 1.1782e-04     0.0
20061121.5 2454061.0  242.48  242.48 43 27 6.797365e-02 1.1751e-04     0.0
20061121.5 2454061.0  242.57  242.57 43 27 6.810985e-02 1.1722e-04     0.0
20061121.5 2454061.0  242.66  242.66 43 27 6.868204e-02 1.1694e-04     0.0
20061121.5 2454061.0  242.76  242.76 43 27 6.917938e-02 1.1662e-04     0.0
20061121.5 2454061.0  242.85  242.85 43 27 6.879428e-02 1.1633e-04     0.0
20061121.5 2454061.0  242.94  242.94 43 27 6.841879e-02 1.1604e-04     0.0
20061121.5 2454061.0  243.04  243.04 43 27 6.783698e-02 1.1571e-04     0.0
20061121.5 2454061.0  243.13  243.13 43 27 6.675010e-02 1.1542e-04     0.0
20061121.5 2454061.0  243.23  243.23 43 27 6.514664e-02 1.1509e-04     0.0
20061121.5 2454061.0  243.32  243.32 43 27 6.368378e-02 1.1480e-04     0.0
20061121.5 2454061.0  243.42  243.42 43 27 6.239418e-02 1.1453e-04     0.0
20061121.5 2454061.0  243.51  243.51 43 27 6.152913e-02 1.1423e-04     0.0
20061121.5 2454061.0  243.60  243.60 43 27 6.060117e-02 1.1393e-04     0.0
20061121.5 2454061.0  243.70  243.70 43 27 6.038782e-02 1.1360e-04     0.0
20061121.5 2454061.0  243.79  243.79 43 27 6.091265e-02 1.1330e-04     0.0
20061121.5 2454061.0  243.89  243.89 43 27 6.182650e-02 1.1296e-04     0.0
20061121.5 2454061.0  243.99  243.99 43 27 6.217796e-02 1.1262e-04     0.0
20061121.5 2454061.0  244.08  244.08 43 27 6.271167e-02 1.1231e-04     0.0
20061121.5 2454061.0  244.18  244.18 43 27 6.364968e-02 1.1197e-04     0.0
20061121.5 2454061.0  244.27  244.27 43 27 6.369140e-02 1.1166e-04     0.0
20061121.5 2454061.0  244.37  244.37 43 27 6.275260e-02 1.1131e-04     0.0
20061121.5 2454061.0  244.46  244.46 43 27 6.163882e-02 1.1100e-04     0.0
20061121.5 2454061.0  244.56  244.56 43 27 6.023418e-02 1.1065e-04     0.0
20061121.5 2454061.0  244.66  244.66 43 27 5.816245e-02 1.1030e-04     0.0
20061121.5 2454061.0  244.75  244.75 43 27 5.562419e-02 1.0998e-04     0.0
20061121.5 2454061.0  244.85  244.85 43 27 5.292868e-02 1.0963e-04     0.0
20061121.5 2454061.0  244.95  244.95 43 27 5.081438e-02 1.0927e-04     0.0
20061121.5 2454061.0  245.05  245.05 43 27 4.912425e-02 1.0891e-04     0.0
20061121.5 2454061.0  245.14  245.14 43 27 4.789561e-02 1.0859e-04     0.0
20061121.5 2454061.0  245.24  245.24 43 27 4.686868e-02 1.0823e-04     0.0
20061121.5 2454061.0  245.34  245.34 43 27 4.664665e-02 1.0786e-04     0.0
20061121.5 2454061.0  245.44  245.44 43 27 4.679194e-02 1.0750e-04     0.0
20061121.5 2454061.0  245.53  245.53 43 27 4.705247e-02 1.0717e-04     0.0
20061121.5 2454061.0  245.63  245.63 43 27 4.741152e-02 1.0680e-04     0.0
20061121.5 2454061.0  245.73  245.73 43 27 4.750209e-02 1.0643e-04     0.0
20061121.5 2454061.0  245.83  245.83 43 27 4.744415e-02 1.0606e-04     0.0
20061121.5 2454061.0  245.93  245.93 43 27 4.713195e-02 1.0569e-04     0.0
20061121.5 2454061.0  246.03  246.03 43 27 4.652711e-02 1.0532e-04     0.0
20061121.5 2454061.0  246.12  246.12 43 27 4.588084e-02 1.0498e-04     0.0
20061121.5 2454061.0  246.22  246.22 43 27 4.532440e-02 1.0460e-04     0.0
20061121.5 2454061.0  246.32  246.32 43 27 4.530823e-02 1.0422e-04     0.0
20061121.5 2454061.0  246.42  246.42 43 27 4.578525e-02 1.0384e-04     0.0
20061121.5 2454061.0  246.52  246.52 43 27 4.656945e-02 1.0346e-04     0.0
20061121.5 2454061.0  246.62  246.62 43 27 4.772935e-02 1.0308e-04     0.0
20061121.5 2454061.0  246.72  246.72 43 27 4.929015e-02 1.0269e-04     0.0
20061121.5 2454061.0  246.82  246.82 43 27 5.062201e-02 1.0230e-04     0.0
20061121.5 2454061.0  246.92  246.92 43 27 5.187486e-02 1.0191e-04     0.0
20061121.5 2454061.0  247.02  247.02 43 27 5.274658e-02 1.0152e-04     0.0
20061121.5 2454061.0  247.12  247.12 43 27 5.338590e-02 1.0113e-04     0.0
20061121.5 2454061.0  247.22  247.22 43 27 5.381756e-02 1.0074e-04     0.0
20061121.5 2454061.0  247.32  247.32 43 27 5.416262e-02 1.0034e-04     0.0
20061121.5 2454061.0  247.42  247.42 43 27 5.431384e-02 9.9942e-05     0.0
20061121.5 2454061.0  247.53  247.53 43 27 5.456115e-02 9.9503e-05     0.0
20061121.5 2454061.0  247.63  247.63 43 27 5.456534e-02 9.9101e-05     0.0
20061121.5 2454061.0  247.73  247.73 43 27 5.411244e-02 9.8701e-05     0.0
20061121.5 2454061.0  247.83  247.83 43 27 5.291356e-02 9.8297e-05     0.0
20061121.5 2454061.0  247.93  247.93 43 27 5.124360e-02 9.7890e-05     0.0
20061121.5 2454061.0  248.03  248.03 43 27 4.941873e-02 9.7483e-05     0.0
20061121.5 2454061.0  248.14  248.14 43 27 4.774740e-02 9.7030e-05     0.0
20061121.5 2454061.0  248.24  248.24 43 27 4.624637e-02 9.6618e-05     0.0
20061121.5 2454061.0  248.34  248.34 43 27 4.460793e-02 9.6205e-05     0.0
20061121.5 2454061.0  248.44  248.44 43 27 4.315923e-02 9.5791e-05     0.0
20061121.5 2454061.0  248.55  248.55 43 27 4.226317e-02 9.5333e-05     0.0
20061121.5 2454061.0  248.65  248.65 43 27 4.138779e-02 9.4914e-05     0.0
20061121.5 2454061.0  248.75  248.75 43 27 4.014709e-02 9.4447e-05     0.0
20061121.5 2454061.0  248.86  248.86 43 27 3.902054e-02 9.3984e-05     0.0
20061121.5 2454061.0  248.96  248.96 43 27 3.917064e-02 9.3562e-05     0.0
20061121.5 2454061.0  249.06  249.06 43 27 4.025049e-02 9.3157e-05     0.0
20061121.5 2454061.0  249.17  249.17 43 27 4.248306e-02 9.2749e-05     0.0
20061121.5 2454061.0  249.27  249.27 43 27 4.560844e-02 9.2411e-05     0.0
20061121.5 2454061.0  249.38  249.38 43 27 5.008403e-02 9.2073e-05     0.0
20061121.5 2454061.0  249.48  249.48 43 27 5.456416e-02 9.1799e-05     0.0
20061121.5 2454061.0  249.59  249.59 43 27 5.885233e-02 9.1532e-05     0.0
20061121.5 2454061.0  249.69  249.69 43 27 6.145992e-02 9.1321e-05     0.0
20061121.5 2454061.0  249.80  249.80 43 27 6.318252e-02 9.1124e-05     0.0
20061121.5 2454061.0  249.90  249.90 43 27 6.383794e-02 9.0978e-05     0.0
20061121.5 2454061.0  250.01  250.01 43 27 6.358385e-02 9.0852e-05     0.0
20061121.5 2454061.0  250.11  250.11 43 27 6.228751e-02 9.0770e-05     0.0
20061121.5 2454061.0  250.22  250.22 43 27 6.013072e-02 9.0716e-05     0.0
20061121.5 2454061.0  250.32  250.32 43 27 5.859546e-02 9.0701e-05     0.0
20061121.5 2454061.0  250.43  250.43 43 27 5.747485e-02 9.0721e-05     0.0
20061121.5 2454061.0  250.54  250.54 43 27 5.612183e-02 9.0779e-05     0.0
20061121.5 2454061.0  250.64  250.64 43 27 5.478951e-02 9.2058e-05     0.0
20061121.5 2454061.0  250.75  250.75 43 27 5.391678e-02 9.2293e-05     0.0
20061121.5 2454061.0  250.86  250.86 43 27 5.384850e-02 9.2567e-05     0.0
20061121.5 2454061.0  250.96  250.96 43 27 5.354439e-02 9.2852e-05     0.0
20061121.5 2454061.0  251.07  251.07 43 27 5.228084e-02 9.3204e-05     0.0
20061121.5 2454061.0  251.18  251.18 43 27 5.051148e-02 9.3597e-05     0.0
20061121.5 2454061.0  251.28  251.28 43 27 4.883406e-02 9.3989e-05     0.0
20061121.5 2454061.0  251.39  251.39 43 27 4.654054e-02 9.4459e-05     0.0
20061121.5 2454061.0  251.50  251.50 43 27 4.387900e-02 9.4969e-05     0.0
20061121.5 2454061.0  251.61  251.61 43 27 4.149811e-02 9.5520e-05     0.0
20061121.5 2454061.0  251.72  251.72 43 27 4.000097e-02 9.6112e-05     0.0
20061121.5 2454061.0  251.82  251.82 43 27 3.934997e-02 9.6684e-05     0.0
20061121.5 2454061.0  251.93  251.93 43 27 3.902320e-02 9.7353e-05     0.0
20061121.5 2454061.0  252.04  252.04 43 27 3.928499e-02 9.8062e-05     0.0
20061121.5 2454061.0  252.15  252.15 43 27 3.982976e-02 9.8812e-05     0.0
20061121.5 2454061.0  252.26  252.26 43 27 3.987339e-02 9.9602e-05     0.0
20061121.5 2454061.0  252.37  252.37 43 27 3.960974e-02 1.0043e-04     0.0
20061121.5 2454061.0  252.48  252.48 43 27 3.939119e-02 1.0130e-04     0.0
20061121.5 2454061.0  252.59  252.59 43 27 3.959880e-02 1.0222e-04     0.0
20061121.5 2454061.0  252.70  252.70 43 27 4.017525e-02 1.0317e-04     0.0
20061121.5 2454061.0  252.81  252.81 43 27 4.081614e-02 1.0416e-04     0.0
20061121.5 2454061.0  252.92  252.92 43 27 4.189226e-02 1.0519e-04     0.0
20061121.5 2454061.0  253.03  253.03 43 27 4.372360e-02 1.0627e-04     0.0
20061121.5 2454061.0  253.14  253.14 43 27 4.577809e-02 1.0738e-04     0.0
20061121.5 2454061.0  253.25  253.25 43 27 4.764308e-02 1.0854e-04     0.0
20061121.5 2454061.0  253.36  253.36 43 27 4.886338e-02 1.0973e-04     0.0
20061121.5 2454061.0  253.47  253.47 43 27 5.001468e-02 1.1098e-04     0.0
20061121.5 2454061.0  253.59  253.59 43 27 5.119012e-02 1.1237e-04     0.0
20061121.5 2454061.0  253.70  253.70 43 27 5.193395e-02 1.1369e-04     0.0
20061121.5 2454061.0  253.81  253.81 43 27 5.258260e-02 1.1504e-04     0.0
20061121.5 2454061.0  253.92  253.92 43 27 5.338744e-02 1.1644e-04     0.0
20061121.5 2454061.0  254.03  254.03 43 27 5.436556e-02 1.1788e-04     0.0
20061121.5 2454061.0  254.15  254.15 43 27 5.519662e-02 1.1949e-04     0.0
20061121.5 2454061.0  254.26  254.26 43 27 5.587533e-02 1.2101e-04     0.0
20061121.5 2454061.0  254.37  254.37 43 27 5.629960e-02 1.2258e-04     0.0
20061121.5 2454061.0  254.49  254.49 43 27 5.626654e-02 1.2433e-04     0.0
20061121.5 2454061.0  254.60  254.60 43 27 5.634913e-02 1.2599e-04     0.0
20061121.5 2454061.0  254.71  254.71 43 27 5.703031e-02 1.2768e-04     0.0
20061121.5 2454061.0  254.83  254.83 43 27 5.866319e-02 1.2957e-04     0.0
20061121.5 2454061.0  254.94  254.94 43 27 6.093395e-02 1.3135e-04     0.0
20061121.5 2454061.0  255.05  255.05 43 27 6.408949e-02 1.3316e-04     0.0
20061121.5 2454061.0  255.17  255.17 43 27 6.843687e-02 1.3517e-04     0.0
20061121.5 2454061.0  255.28  255.28 43 27 7.272019e-02 1.3708e-04     0.0
20061121.5 2454061.0  255.40  255.40 43 27 7.716560e-02 1.3920e-04     0.0
20061121.5 2454061.0  255.51  255.51 43 27 8.048320e-02 1.4118e-04     0.0
20061121.5 2454061.0  255.63  255.63 43 27 8.313057e-02 1.4340e-04     0.0
20061121.5 2454061.0  255.74  255.74 43 27 8.453230e-02 1.4547e-04     0.0
20061121.5 2454061.0  255.86  255.86 43 27 8.512941e-02 1.4777e-04     0.0
20061121.5 2454061.0  255.97  255.97 43 27 8.565344e-02 1.4995e-04     0.0
20061121.5 2454061.0  256.09  256.09 43 27 8.638025e-02 1.5234e-04     0.0
20061121.5 2454061.0  256.21  256.21 43 27 8.713992e-02 1.5479e-04     0.0
20061121.5 2454061.0  256.32  256.32 43 27 8.879709e-02 1.5708e-04     0.0
20061121.5 2454061.0  256.44  256.44 43 27 9.275528e-02 1.5961e-04     0.0
20061121.5 2454061.0  256.56  256.56 43 27 9.862593e-02 1.6220e-04     0.0
20061121.5 2454061.0  256.67  256.67 43 27 1.047237e-01 1.6461e-04     0.0
20061121.5 2454061.0  256.79  256.79 43 27 1.114187e-01 1.6727e-04     0.0
20061121.5 2454061.0  256.91  256.91 43 27 1.174551e-01 1.7000e-04     0.0
20061121.5 2454061.0  257.03  257.03 43 27 1.215858e-01 1.7278e-04     0.0
20061121.5 2454061.0  257.14  257.14 43 27 1.230322e-01 1.7536e-04     0.0
20061121.5 2454061.0  257.26  257.26 43 27 1.227194e-01 1.7823e-04     0.0
20061121.5 2454061.0  257.38  257.38 43 27 1.217024e-01 1.8115e-04     0.0
20061121.5 2454061.0  257.50  257.50 43 27 1.206468e-01 1.8411e-04     0.0
20061121.5 2454061.0  257.62  257.62 43 27 1.203504e-01 1.8712e-04     0.0
20061121.5 2454061.0  257.74  257.74 43 27 1.220160e-01 1.9018e-04     0.0
20061121.5 2454061.0  257.86  257.86 43 27 1.255919e-01 1.9329e-04     0.0
20061121.5 2454061.0  257.97  257.97 43 27 1.285757e-01 1.9618e-04     0.0
20061121.5 2454061.0  258.09  258.09 43 27 1.301698e-01 1.9938e-04     0.0
20061121.5 2454061.0  258.21  258.21 43 27 1.298837e-01 2.0263e-04     0.0
20061121.5 2454061.0  258.33  258.33 43 27 1.285464e-01 2.0593e-04     0.0
20061121.5 2454061.0  258.45  258.45 43 27 1.264863e-01 2.0928e-04     0.0
20061121.5 2454061.0  258.58  258.58 43 27 1.232121e-01 2.1296e-04     0.0
20061121.5 2454061.0  258.70  258.70 43 27 1.209357e-01 2.1640e-04     0.0
20061121.5 2454061.0  258.82  258.82 43 27 1.204569e-01 2.1990e-04     0.0
20061121.5 2454061.0  258.94  258.94 43 27 1.215364e-01 2.2344e-04     0.0
20061121.5 2454061.0  259.06  259.06 43 27 1.224008e-01 2.2703e-04     0.0
20061121.5 2454061.0  259.18  259.18 43 27 1.207567e-01 2.3065e-04     0.0
20061121.5 2454061.0  259.30  259.30 43 27 1.165057e-01 2.3422e-04     0.0
20061121.5 2454061.0  259.42  259.42 43 27 1.104479e-01 2.3773e-04     0.0
20061121.5 2454061.0  259.55  259.55 43 27 1.032043e-01 2.4147e-04     0.0
20061121.5 2454061.0  259.67  259.67 43 27 9.681824e-02 2.4486e-04     0.0
20061121.5 2454061.0  259.79  259.79 43 27 9.098204e-02 2.4820e-04     0.0
20061121.5 2454061.0  259.91  259.91 43 27 8.703779e-02 2.5147e-04     0.0
20061121.5 2454061.0  260.04  260.04 43 27 8.552636e-02 2.5496e-04     0.0
20061121.5 2454061.0  260.16  260.16 43 27 8.632417e-02 2.5811e-04     0.0
20061121.5 2454061.0  260.29  260.29 43 27 8.791911e-02 2.6147e-04     0.0
20061121.5 2454061.0  260.41  260.41 43 27 8.867344e-02 2.6450e-04     0.0
20061121.5 2454061.0  260.53  260.53 43 27 8.829758e-02 2.6748e-04     0.0
20061121.5 2454061.0  260.66  260.66 43 27 8.680025e-02 2.7064e-04     0.0
20061121.5 2454061.0  260.78  260.78 43 27 8.495388e-02 2.7350e-04     0.0
20061121.5 2454061.0  260.91  260.91 43 27 8.333915e-02 2.7653e-04     0.0
20061121.5 2454061.0  261.03  261.03 43 27 8.231618e-02 2.7926e-04     0.0
20061121.5 2454061.0  261.16  261.16 43 27 8.122003e-02 2.8216e-04     0.0
20061121.5 2454061.0  261.28  261.28 43 27 8.135902e-02 2.8478e-04     0.0
20061121.5 2454061.0  261.41  261.41 43 27 8.418627e-02 2.8755e-04     0.0
20061121.5 2454061.0  261.53  261.53 43 27 8.843467e-02 2.9004e-04     0.0
20061121.5 2454061.0  261.66  261.66 43 27 9.331458e-02 2.9268e-04     0.0
20061121.5 2454061.0  261.79  261.79 43 27 9.803904e-02 2.9525e-04     0.0
20061121.5 2454061.0  261.91  261.91 43 27 1.025207e-01 2.9756e-04     0.0
20061121.5 2454061.0  262.04  262.04 43 27 1.070616e-01 2.9999e-04     0.0
20061121.5 2454061.0  262.17  262.17 43 27 1.098698e-01 3.0236e-04     0.0
20061121.5 2454061.0  262.29  262.29 43 27 1.106342e-01 3.0449e-04     0.0
20061121.5 2454061.0  262.42  262.42 43 27 1.096309e-01 3.0672e-04     0.0
20061121.5 2454061.0  262.55  262.55 43 27 1.065613e-01 3.0889e-04     0.0
20061121.5 2454061.0  262.68  262.68 43 27 1.024422e-01 3.1098e-04     0.0
20061121.5 2454061.0  262.81  262.81 43 27 9.959887e-02 3.1301e-04     0.0
20061121.5 2454061.0  262.94  262.94 43 27 9.958836e-02 3.1497e-04     0.0
20061121.5 2454061.0  263.06  263.06 43 27 1.030502e-01 3.1672e-04     0.0
20061121.5 2454061.0  263.19  263.19 43 27 1.124102e-01 3.1855e-04     0.0
20061121.5 2454061.0  263.32  263.32 43 27 1.284095e-01 3.2031e-04     0.0
20061121.5 2454061.0  263.45  263.45 43 27 1.490058e-01 3.2200e-04     0.0
20061121.5 2454061.0  263.58  263.58 43 27 1.718864e-01 3.2362e-04     0.0
20061121.5 2454061.0  263.71  263.71 43 27 1.964496e-01 3.2518e-04     0.0
20061121.5 2454061.0  263.84  263.84 43 27 2.207867e-01 3.2666e-04     0.0
20061121.5 2454061.0  263.97  263.97 43 27 2.407936e-01 3.2808e-04     0.0
20061121.5 2454061.0  264.10  264.10 43 27 2.540219e-01 3.2943e-04     0.0
20061121.5 2454061.0  264.23  264.23 43 27 2.615514e-01 3.3071e-04     0.0
20061121.5 2454061.0  264.37  264.37 43 27 2.645092e-01 3.3201e-04     0.0
20061121.5 2454061.0  264.50  264.50 43 27 2.610428e-01 3.3314e-04     0.0
20061121.5 2454061.0  264.63  264.63 43 27 2.526054e-01 3.3421e-04     0.0
20061121.5 2454061.0  264.76  264.76 43 27 2.440243e-01 3.3521e-04     0.0
20061121.5 2454061.0  264.89  264.89 43 27 2.388901e-01 3.3614e-04     0.0
20061121.5 2454061.0  265.03  265.03 43 27 2.375719e-01 3.3707e-04     0.0
20061121.5 2454061.0  265.16  265.16 43 27 2.395407e-01 3.3786e-04     0.0
20061121.5 2454061.0  265.29  265.29 43 27 2.454198e-01 3.3857e-04     0.0
20061121.5 2454061.0  265.43  265.43 43 27 2.554002e-01 3.3927e-04     0.0
20061121.5 2454061.0  265.56  265.56 43 27 2.641393e-01 3.3985e-04     0.0
20061121.5 2454061.0  265.69  265.69 43 27 2.697073e-01 3.4036e-04     0.0
20061121.5 2454061.0  265.83  265.83 43 27 2.717932e-01 3.4083e-04     0.0
20061121.5 2454061.0  265.96  265.96 43 27 2.708374e-01 3.4119e-04     0.0
20061121.5 2454061.0  266.10  266.10 43 27 2.672887e-01 3.4151e-04     0.0
20061121.5 2454061.0  266.23  266.23 43 27 2.621121e-01 3.4173e-04     0.0
20061121.5 2454061.0  266.37  266.37 43 27 2.566571e-01 3.4189e-04     0.0
20061121.5 2454061.0  266.50  266.50 43 27 2.535545e-01 3.4198e-04     0.0
20061121.5 2454061.0  266.64  266.64 43 27 2.512891e-01 3.4198e-04     0.0
20061121.5 2454061.0  266.77  266.77 43 27 2.501666e-01 3.4192e-04     0.0
20061121.5 2454061.0  266.91  266.91 43 27 2.511490e-01 3.4178e-04     0.0
20061121.5 2454061.0  267.05  267.05 43 27 2.534405e-01 3.4155e-04     0.0
20061121.5 2454061.0  267.18  267.18 43 27 2.550807e-01 3.4128e-04     0.0
20061121.5 2454061.0  267.32  267.32 43 27 2.558581e-01 3.4090e-04     0.0
20061121.5 2454061.0  267.46  267.46 43 27 2.578097e-01 3.4044e-04     0.0
20061121.5 2454061.0  267.60  267.60 43 27 2.601150e-01 3.3991e-04     0.0
20061121.5 2454061.0  267.73  267.73 43 27 2.595430e-01 3.3934e-04     0.0
20061121.5 2454061.0  267.87  267.87 43 27 2.572781e-01 3.3865e-04     0.0
20061121.5 2454061.0  268.01  268.01 43 27 2.562190e-01 3.3788e-04     0.0
20061121.5 2454061.0  268.15  268.15 43 27 2.566540e-01 3.3703e-04     0.0
20061121.5 2454061.0  268.29  268.29 43 27 2.551980e-01 3.3610e-04     0.0
20061121.5 2454061.0  268.43  268.43 43 27 2.514897e-01 3.3509e-04     0.0
20061121.5 2454061.0  268.57  268.57 43 27 2.491686e-01 3.3400e-04     0.0
20061121.5 2454061.0  268.71  268.71 43 27 2.489055e-01 3.3283e-04     0.0
20061121.5 2454061.0  268.85  268.85 43 27 2.475565e-01 3.3159e-04     0.0
20061121.5 2454061.0  268.99  268.99 43 27 2.440170e-01 3.3026e-04     0.0
20061121.5 2454061.0  269.13  269.13 43 27 2.411030e-01 3.2885e-04     0.0
20061121.5 2454061.0  269.27  269.27 43 27 2.409393e-01 3.2737e-04     0.0
20061121.5 2454061.0  269.41  269.41 43 27 2.426456e-01 3.2587e-04     0.0
20061121.5 2454061.0  269.55  269.55 43 27 2.445362e-01 3.2444e-04     0.0
20061121.5 2454061.0  269.69  269.69 43 27 2.489241e-01 3.2308e-04     0.0
20061121.5 2454061.0  269.84  269.84 43 27 2.577389e-01 3.2170e-04     0.0
20061121.5 2454061.0  269.98  269.98 43 27 2.666525e-01 3.2047e-04     0.0
20061121.5 2454061.0  270.12  270.12 43 27 2.731380e-01 3.1931e-04     0.0
20061121.5 2454061.0  270.26  270.26 43 27 2.766140e-01 3.1822e-04     0.0
20061121.5 2454061.0  270.41  270.41 43 27 2.789355e-01 3.1713e-04     0.0
20061121.5 2454061.0  270.55  270.55 43 27 2.798143e-01 3.1617e-04     0.0
20061121.5 2454061.0  270.69  270.69 43 27 2.772234e-01 3.1529e-04     0.0
20061121.5 2454061.0  270.84  270.84 43 27 2.716444e-01 3.1441e-04     0.0
20061121.5 2454061.0  270.98  270.98 43 27 2.671340e-01 3.1366e-04     0.0
20061121.5 2454061.0  271.13  271.13 43 27 2.619554e-01 3.1293e-04     0.0
20061121.5 2454061.0  271.27  271.27 43 27 2.535305e-01 3.1232e-04     0.0
20061121.5 2454061.0  271.42  271.42 43 27 2.407067e-01 3.1173e-04     0.0
20061121.5 2454061.0  271.56  271.56 43 27 2.280346e-01 3.1126e-04     0.0
20061121.5 2454061.0  271.71  271.71 43 27 2.153832e-01 3.1082e-04     0.0
20061121.5 2454061.0  271.85  271.85 43 27 2.034939e-01 3.1049e-04     0.0
20061121.5 2454061.0  272.00  272.00 43 27 1.918656e-01 3.1020e-04     0.0
20061121.5 2454061.0  272.15  272.15 43 27 1.866262e-01 3.0999e-04     0.0
20061121.5 2454061.0  272.29  272.29 43 27 1.891650e-01 3.0986e-04     0.0
20061121.5 2454061.0  272.44  272.44 43 27 1.967255e-01 3.0979e-04     0.0
20061121.5 2454061.0  272.59  272.59 43 27 2.061049e-01 3.0981e-04     0.0
20061121.5 2454061.0  272.74  272.74 43 27 2.164709e-01 3.0990e-04     0.0
20061121.5 2454061.0  272.89  272.89 43 27 2.267842e-01 3.1006e-04     0.0
20061121.5 2454061.0  273.03  273.03 43 27 2.321109e-01 3.1029e-04     0.0
20061121.5 2454061.0  273.18  273.18 43 27 2.296185e-01 3.1060e-04     0.0
20061121.5 2454061.0  273.33  273.33 43 27 2.205842e-01 3.1099e-04     0.0
20061121.5 2454061.0  273.48  273.48 43 27 2.080339e-01 3.1146e-04     0.0
20061121.5 2454061.0  273.63  273.63 43 27 1.933680e-01 3.1201e-04     0.0
20061121.5 2454061.0  273.78  273.78 43 27 1.779312e-01 3.1263e-04     0.0
20061121.5 2454061.0  273.93  273.93 43 27 1.632113e-01 3.1333e-04     0.0
20061121.5 2454061.0  274.08  274.08 43 27 1.510816e-01 3.1411e-04     0.0
20061121.5 2454061.0  274.23  274.23 43 27 1.420996e-01 3.1496e-04     0.0
20061121.5 2454061.0  274.39  274.39 43 27 1.363946e-01 3.1596e-04     0.0
20061121.5 2454061.0  274.54  274.54 43 27 1.361920e-01 3.1697e-04     0.0
20061121.5 2454061.0  274.69  274.69 43 27 1.386728e-01 3.1806e-04     0.0
20061121.5 2454061.0  274.84  274.84 43 27 1.414740e-01 3.1923e-04     0.0
20061121.5 2454061.0  274.99  274.99 43 27 1.462595e-01 3.2047e-04     0.0
20061121.5 2454061.0  275.15  275.15 43 27 1.566807e-01 3.2188e-04     0.0
20061121.5 2454061.0  275.30  275.30 43 27 1.693815e-01 3.2328e-04     0.0
20061121.5 2454061.0  275.45  275.45 43 27 1.799727e-01 3.2476e-04     0.0
20061121.5 2454061.0  275.61  275.61 43 27 1.901054e-01 3.2643e-04     0.0
20061121.5 2454061.0  275.76  275.76 43 27 2.034171e-01 3.2806e-04     0.0
20061121.5 2454061.0  275.92  275.92 43 27 2.197659e-01 3.2990e-04     0.0
20061121.5 2454061.0  276.07  276.07 43 27 2.311868e-01 3.3169e-04     0.0
20061121.5 2454061.0  276.23  276.23 43 27 2.382049e-01 3.3370e-04     0.0
20061121.5 2454061.0  276.38  276.38 43 27 2.445621e-01 3.3565e-04     0.0
20061121.5 2454061.0  276.54  276.54 43 27 2.520788e-01 3.3782e-04     0.0
20061121.5 2454061.0  276.70  276.70 43 27 2.564271e-01 3.4008e-04     0.0
20061121.5 2454061.0  276.85  276.85 43 27 2.563070e-01 3.4228e-04     0.0
20061121.5 2454061.0  277.01  277.01 43 27 2.551341e-01 3.4471e-04     0.0
20061121.5 2454061.0  277.17  277.17 43 27 2.536548e-01 3.4723e-04     0.0
20061121.5 2454061.0  277.32  277.32 43 27 2.497084e-01 3.4967e-04     0.0
20061121.5 2454061.0  277.48  277.48 43 27 2.416459e-01 3.5235e-04     0.0
20061121.5 2454061.0  277.64  277.64 43 27 2.305098e-01 3.5513e-04     0.0
20061121.5 2454061.0  277.80  277.80 43 27 2.176763e-01 3.5799e-04     0.0
20061121.5 2454061.0  277.96  277.96 43 27 2.043124e-01 3.6094e-04     0.0
20061121.5 2454061.0  278.12  278.12 43 27 1.914999e-01 3.6397e-04     0.0
20061121.5 2454061.0  278.28  278.28 43 27 1.799245e-01 3.6710e-04     0.0
20061121.5 2454061.0  278.44  278.44 43 27 1.687909e-01 3.7031e-04     0.0
20061121.5 2454061.0  278.60  278.60 43 27 1.574532e-01 3.7361e-04     0.0
20061121.5 2454061.0  278.76  278.76 43 27 1.454790e-01 3.7699e-04     0.0
20061121.5 2454061.0  278.92  278.92 43 27 1.324045e-01 3.8047e-04     0.0
20061121.5 2454061.0  279.08  279.08 43 27 1.188701e-01 3.8403e-04     0.0
20061121.5 2454061.0  279.24  279.24 43 27 1.061213e-01 3.5663e-04     0.0
20061121.5 2454061.0  279.40  279.40 43 27 9.473560e-02 3.9340e-04     0.0
20061121.5 2454061.0  279.57  279.57 43 27 8.525367e-02 4.2926e-04     0.0
20061121.5 2454061.0  279.73  279.73 43 27 7.944573e-02 4.2586e-04     0.0
20061121.5 2454061.0  279.89  279.89 43 27 7.707180e-02 3.8832e-04     0.0
20061121.5 2454061.0  280.05  280.05 43 27 7.850492e-02 4.1753e-04     0.0
20061121.5 2454061.0  280.22  280.22 43 27 8.344741e-02 4.2213e-04     0.0
20061121.5 2454061.0  280.38  280.38 43 27 9.112648e-02 4.5263e-04     0.0
20061121.5 2454061.0  280.55  280.55 43 27 1.029034e-01 4.5654e-04     0.0
20061121.5 2454061.0  280.71  280.71 43 27 1.176415e-01 4.6015e-04     0.0
20061121.5 2454061.0  280.88  280.88 43 27 1.362638e-01 4.6389e-04     0.0
20061121.5 2454061.0  281.04  281.04 43 27 1.554480e-01 4.4472e-04     0.0
20061121.5 2454061.0  281.21  281.21 43 27 1.773253e-01 4.4108e-04     0.0
20061121.5 2454061.0  281.38  281.38 43 27 1.999623e-01 4.4011e-04     0.0
20061121.5 2454061.0  281.54  281.54 43 27 2.209952e-01 4.4326e-04     0.0
20061121.5 2454061.0  281.71  281.71 43 27 2.406481e-01 4.5809e-04     0.0
20061121.5 2454061.0  281.88  281.88 43 27 2.569598e-01 4.8414e-04     0.0
20061121.5 2454061.0  282.04  282.04 43 27 2.708680e-01 4.5273e-04     0.0
20061121.5 2454061.0  282.21  282.21 43 27 2.843897e-01 4.6721e-04     0.0
20061121.5 2454061.0  282.38  282.38 43 27 2.958886e-01 5.1382e-04     0.0
20061121.5 2454061.0  282.55  282.55 43 27 3.046892e-01 5.0328e-04     0.0
20061121.5 2454061.0  282.72  282.72 43 27 3.104812e-01 4.8281e-04     0.0
20061121.5 2454061.0  282.89  282.89 43 27 3.155312e-01 4.8679e-04     0.0
20061121.5 2454061.0  283.06  283.06 43 27 3.203525e-01 4.5312e-04     0.0
20061121.5 2454061.0  283.23  283.23 43 27 3.233313e-01 4.4398e-04     0.0
20061121.5 2454061.0  283.40  283.40 43 27 3.237442e-01 4.4614e-04     0.0
20061121.5 2454061.0  283.57  283.57 43 27 3.216878e-01 4.6826e-04     0.0
20061121.5 2454061.0  283.74  283.74 43 27 3.189107e-01 4.7023e-04     0.0
20061121.5 2454061.0  283.92  283.92 43 27 3.128954e-01 4.7222e-04     0.0
20061121.5 2454061.0  284.09  284.09 43 27 3.011819e-01 4.3447e-04     0.0
20061121.5 2454061.0  284.26  284.26 43 27 2.836363e-01 4.7377e-04     0.0
20061121.5 2454061.0  284.43  284.43 43 27 2.611515e-01 4.7544e-04     0.0
20061121.5 2454061.0  284.61  284.61 43 27 2.339188e-01 4.7711e-04     0.0
20061121.5 2454061.0  284.78  284.78 43 27 2.070799e-01 4.7861e-04     0.0
20061121.5 2454061.0  284.96  284.96 43 27 1.815872e-01 4.8010e-04     0.0
20061121.5 2454061.0  285.13  285.13 43 27 1.665660e-01 4.8142e-04     0.0
20061121.5 2454061.0  285.31  285.31 43 27 1.640439e-01 4.8273e-04     0.0
20061121.5 2454061.0  285.48  285.48 43 27 1.745502e-01 4.8389e-04     0.0
20061121.5 2454061.0  285.66  285.66 43 27 1.975594e-01 4.8502e-04     0.0
20061121.5 2454061.0  285.83  285.83 43 27 2.261973e-01 4.8600e-04     0.0
20061121.5 2454061.0  286.01  286.01 43 27 2.592649e-01 4.8695e-04     0.0
20061121.5 2454061.0  286.19  286.19 43 27 2.919409e-01 4.8781e-04     0.0
20061121.5 2454061.0  286.36  286.36 43 27 3.201819e-01 4.8854e-04     0.0
20061121.5 2454061.0  286.54  286.54 43 27 3.441073e-01 4.8922e-04     0.0
20061121.5 2454061.0  286.72  286.72 43 27 3.602449e-01 4.8980e-04     0.0
20061121.5 2454061.0  286.90  286.90 43 27 3.699708e-01 4.9029e-04     0.0
20061121.5 2454061.0  287.08  287.08 43 27 3.743100e-01 4.9069e-04     0.0
20061121.5 2454061.0  287.26  287.26 43 27 3.706058e-01 4.9100e-04     0.0
20061121.5 2454061.0  287.44  287.44 43 27 3.592738e-01 4.9121e-04     0.0
20061121.5 2454061.0  287.62  287.62 43 27 3.467122e-01 4.9134e-04     0.0
20061121.5 2454061.0  287.80  287.80 43 27 3.368144e-01 4.9136e-04     0.0
20061121.5 2454061.0  287.98  287.98 43 27 3.296822e-01 4.9130e-04     0.0
20061121.5 2454061.0  288.16  288.16 43 27 3.271353e-01 4.9114e-04     0.0
20061121.5 2454061.0  288.34  288.34 43 27 3.340907e-01 4.9089e-04     0.0
20061121.5 2454061.0  288.53  288.53 43 27 3.530737e-01 4.9053e-04     0.0
20061121.5 2454061.0  288.71  288.71 43 27 3.766481e-01 4.9009e-04     0.0
20061121.5 2454061.0  288.89  288.89 43 27 4.016601e-01 4.8956e-04     0.0
20061121.5 2454061.0  289.08  289.08 43 27 4.312340e-01 4.8889e-04     0.0
20061121.5 2454061.0  289.26  289.26 43 27 4.626978e-01 4.8817e-04     0.0
20061121.5 2454061.0  289.45  289.45 43 27 4.962145e-01 4.8730e-04     0.0
20061121.5 2454061.0  289.63  289.63 43 27 5.276393e-01 4.8639e-04     0.0
20061121.5 2454061.0  289.82  289.82 43 27 5.590978e-01 4.8543e-04     0.0
20061121.5 2454061.0  290.00  290.00 43 27 5.861282e-01 4.8456e-04     0.0
20061121.5 2454061.0  290.19  290.19 43 27 6.100404e-01 4.8368e-04     0.0
20061121.5 2454061.0  290.38  290.38 43 27 6.280544e-01 4.8286e-04     0.0
20061121.5 2454061.0  290.56  290.56 43 27 6.384542e-01 4.8211e-04     0.0
20061121.5 2454061.0  290.75  290.75 43 27 6.405131e-01 4.8138e-04     0.0
20061121.5 2454061.0  290.94  290.94 43 27 6.372075e-01 4.8068e-04     0.0
20061121.5 2454061.0  291.13  291.13 43 27 6.330177e-01 4.8004e-04     0.0
20061121.5 2454061.0  291.32  291.32 43 27 6.279840e-01 4.7944e-04     0.0
20061121.5 2454061.0  291.51  291.51 43 27 6.192545e-01 4.7889e-04     0.0
20061121.5 2454061.0  291.70  291.70 43 27 6.059669e-01 4.7838e-04     0.0
20061121.5 2454061.0  291.89  291.89 43 27 5.924810e-01 4.7792e-04     0.0
20061121.5 2454061.0  292.08  292.08 43 27 5.806674e-01 4.7751e-04     0.0
20061121.5 2454061.0  292.27  292.27 43 27 5.718869e-01 4.7714e-04     0.0
20061121.5 2454061.0  292.46  292.46 43 27 5.651445e-01 4.7682e-04     0.0
20061121.5 2454061.0  292.65  292.65 43 27 5.619624e-01 4.7654e-04     0.0
20061121.5 2454061.0  292.85  292.85 43 27 5.622280e-01 4.7630e-04     0.0
20061121.5 2454061.0  293.04  293.04 43 27 5.662252e-01 4.7612e-04     0.0
20061121.5 2454061.0  293.23  293.23 43 27 5.710773e-01 4.7599e-04     0.0
20061121.5 2454061.0  293.43  293.43 43 27 5.723554e-01 4.7590e-04     0.0
20061121.5 2454061.0  293.62  293.62 43 27 5.697505e-01 4.7586e-04     0.0
20061121.5 2454061.0  293.82  293.82 43 27 5.626539e-01 4.7587e-04     0.0
20061121.5 2454061.0  294.01  294.01 43 27 5.557714e-01 4.7593e-04     0.0
20061121.5 2454061.0  294.21  294.21 43 27 5.527296e-01 4.7604e-04     0.0
20061121.5 2454061.0  294.40  294.40 43 27 5.506257e-01 4.7619e-04     0.0
20061121.5 2454061.0  294.60  294.60 43 27 5.497116e-01 4.7640e-04     0.0
20061121.5 2454061.0  294.80  294.80 43 27 5.517215e-01 4.7666e-04     0.0
20061121.5 2454061.0  295.00  295.00 43 27 5.599732e-01 4.7697e-04     0.0
20061121.5 2454061.0  295.19  295.19 43 27 5.732921e-01 4.7732e-04     0.0
20061121.5 2454061.0  295.39  295.39 43 27 5.844921e-01 4.7773e-04     0.0
20061121.5 2454061.0  295.59  295.59 43 27 5.874413e-01 4.7820e-04     0.0
20061121.5 2454061.0  295.79  295.79 43 27 5.859008e-01 4.7871e-04     0.0
20061121.5 2454061.0  295.99  295.99 43 27 5.815507e-01 4.7928e-04     0.0
20061121.5 2454061.0  296.19  296.19 43 27 5.713192e-01 4.7990e-04     0.0
20061121.5 2454061.0  296.39  296.39 43 27 5.522335e-01 4.8057e-04     0.0
20061121.5 2454061.0  296.60  296.60 43 27 5.308640e-01 4.8132e-04     0.0
20061121.5 2454061.0  296.80  296.80 43 27 5.212846e-01 4.8210e-04     0.0
20061121.5 2454061.0  297.00  297.00 43 27 5.211929e-01 4.8292e-04     0.0
20061121.5 2454061.0  297.20  297.20 43 27 5.237914e-01 4.8380e-04     0.0
20061121.5 2454061.0  297.41  297.41 43 27 5.275122e-01 4.8478e-04     0.0
20061121.5 2454061.0  297.61  297.61 43 27 5.309040e-01 4.8576e-04     0.0
20061121.5 2454061.0  297.82  297.82 43 27 5.325783e-01 4.8685e-04     0.0
20061121.5 2454061.0  298.02  298.02 43 27 5.278333e-01 4.8794e-04     0.0
20061121.5 2454061.0  298.23  298.23 43 27 5.152069e-01 4.8913e-04     0.0
20061121.5 2454061.0  298.44  298.44 43 27 5.020874e-01 4.9039e-04     0.0
20061121.5 2454061.0  298.64  298.64 43 27 4.972138e-01 4.9163e-04     0.0
20061121.5 2454061.0  298.85  298.85 43 27 4.993518e-01 4.9300e-04     0.0
20061121.5 2454061.0  299.06  299.06 43 27 5.000531e-01 4.9442e-04     0.0
20061121.5 2454061.0  299.27  299.27 43 27 4.964554e-01 4.9590e-04     0.0
20061121.5 2454061.0  299.47  299.47 43 27 4.917363e-01 4.9736e-04     0.0
20061121.5 2454061.0  299.68  299.68 43 27 4.865544e-01 4.9895e-04     0.0
20061121.5 2454061.0  299.89  299.89 43 27 4.755509e-01 5.0059e-04     0.0
20061121.5 2454061.0  300.10  300.10 43 27 4.598243e-01 5.0229e-04     0.0
20061121.5 2454061.0  300.32  300.32 43 27 4.500450e-01 5.0413e-04     0.0
20061121.5 2454061.0  300.53  300.53 43 27 4.525122e-01 5.0595e-04     0.0
20061121.5 2454061.0  300.74  300.74 43 27 4.578317e-01 5.0783e-04     0.0
20061121.5 2454061.0  300.95  300.95 43 27 4.586748e-01 5.0976e-04     0.0
20061121.5 2454061.0  301.17  301.17 43 27 4.605225e-01 5.1184e-04     0.0
20061121.5 2454061.0  301.38  301.38 43 27 4.647885e-01 5.1389e-04     0.0
20061121.5 2454061.0  301.59  301.59 43 27 4.656832e-01 5.1599e-04     0.0
20061121.5 2454061.0  301.81  301.81 43 27 4.657180e-01 5.1825e-04     0.0
20061121.5 2454061.0  302.02  302.02 43 27 4.697276e-01 5.2047e-04     0.0
20061121.5 2454061.0  302.24  302.24 43 27 4.882821e-01 5.2286e-04     0.0
20061121.5 2454061.0  302.46  302.46 43 27 5.176741e-01 5.2530e-04     0.0
20061121.5 2454061.0  302.67  302.67 43 27 5.461000e-01 5.2770e-04     0.0
20061121.5 2454061.0  302.89  302.89 43 27 5.758435e-01 5.3027e-04     0.0
20061121.5 2454061.0  303.11  303.11 43 27 6.007518e-01 5.3290e-04     0.0
20061121.5 2454061.0  303.33  303.33 43 27 6.211850e-01 5.3559e-04     0.0
20061121.5 2454061.0  303.55  303.55 43 27 6.311973e-01 5.3835e-04     0.0
20061121.5 2454061.0  303.77  303.77 43 27 6.268026e-01 5.4116e-04     0.0
20061121.5 2454061.0  303.99  303.99 43 27 6.229737e-01 5.4404e-04     0.0
20061121.5 2454061.0  304.21  304.21 43 27 6.241611e-01 5.4698e-04     0.0
20061121.5 2454061.0  304.43  304.43 43 27 6.268025e-01 5.4999e-04     0.0
20061121.5 2454061.0  304.65  304.65 43 27 6.257922e-01 5.5305e-04     0.0
20061121.5 2454061.0  304.88  304.88 43 27 6.191761e-01 5.5632e-04     0.0
20061121.5 2454061.0  305.10  305.10 43 27 6.194247e-01 5.5952e-04     0.0
20061121.5 2454061.0  305.32  305.32 43 27 6.168106e-01 5.6277e-04     0.0
20061121.5 2454061.0  305.55  305.55 43 27 6.036840e-01 5.6624e-04     0.0
20061121.5 2454061.0  305.77  305.77 43 27 5.885579e-01 5.6962e-04     0.0
20061121.5 2454061.0  306.00  306.00 43 27 5.806769e-01 5.7322e-04     0.0
20061121.5 2454061.0  306.22  306.22 43 27 5.824150e-01 5.7673e-04     0.0
20061121.5 2454061.0  306.45  306.45 43 27 5.833819e-01 5.8047e-04     0.0
20061121.5 2454061.0  306.68  306.68 43 27 5.881657e-01 5.8427e-04     0.0
20061121.5 2454061.0  306.91  306.91 43 27 6.089839e-01 5.8814e-04     0.0
20061121.5 2454061.0  307.14  307.14 43 27 6.293933e-01 5.9208e-04     0.0
20061121.5 2454061.0  307.37  307.37 43 27 6.439014e-01 5.9609e-04     0.0
20061121.5 2454061.0  307.60  307.60 43 27 6.498285e-01 6.0016e-04     0.0
20061121.5 2454061.0  307.83  307.83 43 27 6.514525e-01 6.0430e-04     0.0
20061121.5 2454061.0  308.06  308.06 43 27 6.513997e-01 6.0851e-04     0.0
20061121.5 2454061.0  308.29  308.29 43 27 6.496214e-01 6.1279e-04     0.0
20061121.5 2454061.0  308.52  308.52 43 27 6.435737e-01 6.1714e-04     0.0
20061121.5 2454061.0  308.75  308.75 43 27 6.243350e-01 6.2155e-04     0.0
20061121.5 2454061.0  308.99  308.99 43 27 5.880333e-01 6.2623e-04     0.0
20061121.5 2454061.0  309.22  309.22 43 27 5.493817e-01 6.3078e-04     0.0
20061121.5 2454061.0  309.46  309.46 43 27 5.217415e-01 6.3560e-04     0.0
20061121.5 2454061.0  309.69  309.69 43 27 5.103056e-01 6.4029e-04     0.0
20061121.5 2454061.0  309.93  309.93 43 27 5.166025e-01 6.4526e-04     0.0
20061121.5 2454061.0  310.25  310.25 41 27 5.608153e-01 2.8822e-03     0.0
20061121.5 2454061.0  310.48  310.48 41 27 6.077486e-01 2.8650e-03     0.0
20061121.5 2454061.0  310.71  310.71 41 27 6.543687e-01 2.8480e-03     0.0
20061121.5 2454061.0  310.95  310.95 41 27 6.840328e-01 2.8303e-03     0.0
20061121.5 2454061.0  311.18  311.18 41 27 6.984490e-01 2.8134e-03     0.0
20061121.5 2454061.0  311.42  311.42 41 27 7.038567e-01 2.7959e-03     0.0
20061121.5 2454061.0  311.65  311.65 41 27 6.933467e-01 2.7792e-03     0.0
20061121.5 2454061.0  311.89  311.89 41 27 6.752900e-01 2.7618e-03     0.0
20061121.5 2454061.0  312.12  312.12 41 27 6.613608e-01 2.7453e-03     0.0
20061121.5 2454061.0  312.36  312.36 41 27 6.504022e-01 2.7281e-03     0.0
20061121.5 2454061.0  312.60  312.60 41 27 6.497892e-01 2.7111e-03     0.0
20061121.5 2454061.0  312.84  312.84 41 27 6.544576e-01 2.6941e-03     0.0
20061121.5 2454061.0  313.08  313.08 41 27 6.643200e-01 2.6773e-03     0.0
20061121.5 2454061.0  313.32  313.32 41 27 6.700995e-01 2.6605e-03     0.0
20061121.5 2454061.0  313.56  313.56 41 27 6.736146e-01 2.6438e-03     0.0
20061121.5 2454061.0  313.80  313.80 41 27 6.752053e-01 2.6273e-03     0.0
20061121.5 2454061.0  314.04  314.04 41 27 6.734238e-01 2.6108e-03     0.0
20061121.5 2454061.0  314.28  314.28 41 27 6.662869e-01 2.5944e-03     0.0
20061121.5 2454061.0  314.53  314.53 41 27 6.565450e-01 2.5774e-03     0.0
20061121.5 2454061.0  314.77  314.77 41 27 6.473791e-01 2.5612e-03     0.0
20061121.5 2454061.0  315.02  315.02 41 27 6.391772e-01 2.5445e-03     0.0
20061121.5 2454061.0  315.26  315.26 41 27 6.244587e-01 2.5285e-03     0.0
20061121.5 2454061.0  315.51  315.51 41 27 6.118398e-01 2.5119e-03     0.0
20061121.5 2454061.0  315.75  315.75 41 27 5.997967e-01 2.4961e-03     0.0
20061121.5 2454061.0  316.00  316.00 41 27 6.024445e-01 2.4798e-03     0.0
20061121.5 2454061.0  316.25  316.25 41 27 6.135641e-01 2.4635e-03     0.0
20061121.5 2454061.0  316.50  316.50 41 27 6.378017e-01 2.4474e-03     0.0
20061121.5 2454061.0  316.75  316.75 41 27 6.694855e-01 2.4314e-03     0.0
20061121.5 2454061.0  317.00  317.00 41 27 6.940293e-01 2.4154e-03     0.0
20061121.5 2454061.0  317.25  317.25 41 27 7.123247e-01 2.3996e-03     0.0
20061121.5 2454061.0  317.50  317.50 41 27 7.213103e-01 2.3839e-03     0.0
20061121.5 2454061.0  317.75  317.75 41 27 7.103442e-01 2.3682e-03     0.0
20061121.5 2454061.0  318.01  318.01 41 27 6.927302e-01 2.3521e-03     0.0
20061121.5 2454061.0  318.26  318.26 41 27 6.709770e-01 2.3367e-03     0.0
20061121.5 2454061.0  318.51  318.51 41 27 6.616359e-01 2.3214e-03     0.0
20061121.5 2454061.0  318.77  318.77 41 27 6.607918e-01 2.3056e-03     0.0
20061121.5 2454061.0  319.02  319.02 41 27 6.696758e-01 2.2905e-03     0.0
20061121.5 2454061.0  319.28  319.28 41 27 6.803930e-01 2.2749e-03     0.0
20061121.5 2454061.0  319.54  319.54 41 27 7.039193e-01 2.2594e-03     0.0
20061121.5 2454061.0  319.80  319.80 41 27 7.311279e-01 2.2440e-03     0.0
20061121.5 2454061.0  320.06  320.06 41 27 7.457036e-01 2.2288e-03     0.0
20061121.5 2454061.0  320.32  320.32 41 27 7.469499e-01 2.2136e-03     0.0
20061121.5 2454061.0  320.58  320.58 41 27 7.458174e-01 2.1997e-03     0.0
20061121.5 2454061.0  320.84  320.84 41 27 7.401354e-01 2.1848e-03     0.0
20061121.5 2454061.0  321.10  321.10 41 27 7.240625e-01 2.1700e-03     0.0
20061121.5 2454061.0  321.36  321.36 41 27 7.076306e-01 2.1553e-03     0.0
20061121.5 2454061.0  321.62  321.62 41 27 6.949047e-01 2.1407e-03     0.0
20061121.5 2454061.0  321.89  321.89 41 27 6.866491e-01 2.1257e-03     0.0
20061121.5 2454061.0  322.15  322.15 41 27 6.777605e-01 2.1113e-03     0.0
20061121.5 2454061.0  322.42  322.42 41 27 6.675812e-01 2.0965e-03     0.0
20061121.5 2454061.0  322.69  322.69 41 27 6.587868e-01 2.0819e-03     0.0
20061121.5 2454061.0  322.95  322.95 41 27 6.554580e-01 2.0679e-03     0.0
20061121.5 2454061.0  323.22  323.22 41 27 6.585737e-01 2.0534e-03     0.0
20061121.5 2454061.0  323.49  323.49 41 27 6.671129e-01 2.0391e-03     0.0
20061121.5 2454061.0  323.76  323.76 41 27 6.819966e-01 2.0249e-03     0.0
20061121.5 2454061.0  324.03  324.03 41 27 7.009086e-01 2.0109e-03     0.0
20061121.5 2454061.0  324.30  324.30 41 27 7.311599e-01 1.9969e-03     0.0
20061121.5 2454061.0  324.57  324.57 41 27 7.597495e-01 1.9831e-03     0.0
20061121.5 2454061.0  324.85  324.85 41 27 7.885683e-01 1.9689e-03     0.0
20061121.5 2454061.0  325.12  325.12 41 27 8.198319e-01 1.9553e-03     0.0
20061121.5 2454061.0  325.39  325.39 41 27 8.529295e-01 1.9419e-03     0.0
20061121.5 2454061.0  325.67  325.67 41 27 8.890833e-01 1.9391e-03     0.0
20061121.5 2454061.0  325.94  325.94 41 27 9.163944e-01 1.9260e-03     0.0
20061121.5 2454061.0  326.22  326.22 41 27 9.408530e-01 1.9124e-03     0.0
20061121.5 2454061.0  326.50  326.50 41 27 9.524919e-01 1.8991e-03     0.0
20061121.5 2454061.0  326.78  326.78 41 27 9.567936e-01 1.8858e-03     0.0
20061121.5 2454061.0  327.06  327.06 41 27 9.558064e-01 1.8727e-03     0.0
20061121.5 2454061.0  327.34  327.34 41 27 9.450128e-01 1.8597e-03     0.0
20061121.5 2454061.0  327.62  327.62 41 27 9.332856e-01 1.8468e-03     0.0
20061121.5 2454061.0  327.90  327.90 41 27 9.279452e-01 1.8434e-03     0.0
20061121.5 2454061.0  328.18  328.18 41 27 9.273179e-01 1.8312e-03     0.0
20061121.5 2454061.0  328.47  328.47 41 27 9.363492e-01 1.8188e-03     0.0
20061121.5 2454061.0  328.75  328.75 41 27 9.521747e-01 1.8069e-03     0.0
20061121.5 2454061.0  329.04  329.04 41 27 9.791452e-01 1.7947e-03     0.0
20061121.5 2454061.0  329.32  329.32 41 27 1.000626e+00 1.7830e-03     0.0
20061121.5 2454061.0  329.61  329.61 41 27 1.017992e+00 1.7711e-03     0.0
20061121.5 2454061.0  329.90  329.90 41 27 1.025935e+00 1.7593e-03     0.0
20061121.5 2454061.0  330.19  330.19 41 27 1.022803e+00 1.7476e-03     0.0
20061121.5 2454061.0  330.48  330.48 41 27 1.010769e+00 1.7360e-03     0.0
20061121.5 2454061.0  330.77  330.77 41 27 9.932256e-01 1.7246e-03     0.0
20061121.5 2454061.0  331.06  331.06 41 27 9.773467e-01 1.7133e-03     0.0
20061121.5 2454061.0  331.35  331.35 41 27 9.646956e-01 1.7022e-03     0.0
20061121.5 2454061.0  331.64  331.64 41 27 9.559368e-01 1.6911e-03     0.0
20061121.5 2454061.0  331.94  331.94 41 27 9.520559e-01 1.6798e-03     0.0
20061121.5 2454061.0  332.23  332.23 41 27 9.447062e-01 1.6691e-03     0.0
20061121.5 2454061.0  332.53  332.53 41 27 9.385952e-01 1.6581e-03     0.0
20061121.5 2454061.0  332.83  332.83 41 27 9.329542e-01 1.6472e-03     0.0
20061121.5 2454061.0  333.12  333.12 41 27 9.299541e-01 1.6368e-03     0.0
20061121.5 2454061.0  333.42  333.42 41 27 9.274618e-01 1.6263e-03     0.0
20061121.5 2454061.0  333.72  333.72 41 27 9.250563e-01 1.6426e-03     0.0
20061121.5 2454061.0  334.02  334.02 41 27 9.331445e-01 1.6321e-03     0.0
20061121.5 2454061.0  334.32  334.32 41 27 9.469609e-01 1.6217e-03     0.0
20061121.5 2454061.0  334.63  334.63 41 27 9.469213e-01 1.6112e-03     0.0
20061121.5 2454061.0  334.93  334.93 41 27 9.407567e-01 1.6011e-03     0.0
20061121.5 2454061.0  335.23  335.23 41 27 9.342416e-01 1.5912e-03     0.0
20061121.5 2454061.0  335.54  335.54 41 27 9.183741e-01 1.5810e-03     0.0
20061121.5 2454061.0  335.85  335.85 41 27 8.859156e-01 1.5711e-03     0.0
20061121.5 2454061.0  336.15  336.15 41 27 8.600110e-01 1.5616e-03     0.0
20061121.5 2454061.0  336.46  336.46 41 27 8.467330e-01 1.5514e-03     0.0
20061121.5 2454061.0  336.77  336.77 41 27 8.380823e-01 1.5419e-03     0.0
20061121.5 2454061.0  337.08  337.08 41 27 8.348100e-01 1.5325e-03     0.0
20061121.5 2454061.0  337.39  337.39 41 27 8.463187e-01 1.5233e-03     0.0
20061121.5 2454061.0  337.71  337.71 41 27 8.696585e-01 1.5139e-03     0.0
20061121.5 2454061.0  338.02  338.02 41 27 8.882988e-01 1.5050e-03     0.0
20061121.5 2454061.0  338.33  338.33 41 27 9.037447e-01 1.4962e-03     0.0
20061121.5 2454061.0  338.65  338.65 41 27 9.274379e-01 1.4873e-03     0.0
20061121.5 2454061.0  338.96  338.96 41 27 9.498909e-01 1.4788e-03     0.0
20061121.5 2454061.0  339.28  339.28 41 27 9.637523e-01 1.4702e-03     0.0
20061121.5 2454061.0  339.60  339.60 41 27 9.751473e-01 1.4617e-03     0.0
20061121.5 2454061.0  339.92  339.92 41 27 9.878593e-01 1.4534e-03     0.0
20061121.5 2454061.0  340.24  340.24 41 27 9.901815e-01 1.4453e-03     0.0
20061121.5 2454061.0  340.56  340.56 41 27 9.861987e-01 1.4373e-03     0.0
20061121.5 2454061.0  340.88  340.88 41 27 9.779503e-01 1.4295e-03     0.0
20061121.5 2454061.0  341.21  341.21 41 27 9.729777e-01 1.4216e-03     0.0
20061121.5 2454061.0  341.53  341.53 41 27 9.715889e-01 1.4141e-03     0.0
20061121.5 2454061.0  341.86  341.86 41 27 9.739860e-01 1.4066e-03     0.0
20061121.5 2454061.0  342.18  342.18 41 27 9.825247e-01 1.3994e-03     0.0
20061121.5 2454061.0  342.51  342.51 41 27 9.829969e-01 1.3922e-03     0.0
20061121.5 2454061.0  342.84  342.84 41 27 9.724357e-01 1.3851e-03     0.0
20061121.5 2454061.0  343.17  343.17 41 27 9.535276e-01 1.3782e-03     0.0
20061121.5 2454061.0  343.50  343.50 41 27 9.350003e-01 1.3715e-03     0.0
20061121.5 2454061.0  343.83  343.83 41 27 9.087781e-01 1.3649e-03     0.0
20061121.5 2454061.0  344.17  344.17 41 27 8.874284e-01 1.3583e-03     0.0
20061121.5 2454061.0  344.50  344.50 41 27 8.778733e-01 1.3521e-03     0.0
20061121.5 2454061.0  344.84  344.84 41 27 8.816432e-01 1.3459e-03     0.0
20061121.5 2454061.0  345.17  345.17 41 27 8.947954e-01 1.3400e-03     0.0
20061121.5 2454061.0  345.51  345.51 41 27 9.103235e-01 1.3341e-03     0.0
20061121.5 2454061.0  345.85  345.85 41 27 9.231991e-01 1.3284e-03     0.0
20061121.5 2454061.0  346.19  346.19 41 27 9.316723e-01 1.3229e-03     0.0
20061121.5 2454061.0  346.53  346.53 41 27 9.379298e-01 1.3175e-03     0.0
20061121.5 2454061.0  346.88  346.88 41 27 9.358859e-01 1.3122e-03     0.0
20061121.5 2454061.0  347.22  347.22 41 27 9.325077e-01 1.3072e-03     0.0
20061121.5 2454061.0  347.56  347.56 41 27 9.225340e-01 1.3024e-03     0.0
20061121.5 2454061.0  347.91  347.91 41 27 9.179560e-01 1.2976e-03     0.0
20061121.5 2454061.0  348.26  348.26 41 27 9.165807e-01 1.2930e-03     0.0
20061121.5 2454061.0  348.60  348.60 41 27 9.177819e-01 1.2888e-03     0.0
20061121.5 2454061.0  348.95  348.95 41 27 9.252334e-01 1.2846e-03     0.0
20061121.5 2454061.0  349.30  349.30 41 27 9.393338e-01 1.2806e-03     0.0
20061121.5 2454061.0  349.66  349.66 41 27 9.587279e-01 1.2766e-03     0.0
20061121.5 2454061.0  350.01  350.01 41 27 9.801377e-01 1.2730e-03     0.0
20061121.5 2454061.0  350.36  350.36 41 27 1.002002e+00 1.2695e-03     0.0
20061121.5 2454061.0  350.72  350.72 41 27 1.010977e+00 1.2662e-03     0.0
20061121.5 2454061.0  351.08  351.08 41 27 1.005387e+00 1.2630e-03     0.0
20061121.5 2454061.0  351.43  351.43 41 27 9.976067e-01 1.2602e-03     0.0
20061121.5 2454061.0  351.79  351.79 41 27 9.913706e-01 1.2574e-03     0.0
20061121.5 2454061.0  352.15  352.15 41 27 9.849627e-01 1.2549e-03     0.0
20061121.5 2454061.0  352.52  352.52 41 27 9.808809e-01 1.2524e-03     0.0
20061121.5 2454061.0  352.88  352.88 41 27 9.960190e-01 1.2503e-03     0.0
20061121.5 2454061.0  353.24  353.24 41 27 1.025007e+00 1.2483e-03     0.0
20061121.5 2454061.0  353.61  353.61 41 27 1.052779e+00 1.2465e-03     0.0
20061121.5 2454061.0  353.98  353.98 41 27 1.073720e+00 1.2450e-03     0.0
20061121.5 2454061.0  354.34  354.34 41 27 1.089507e+00 1.2436e-03     0.0
20061121.5 2454061.0  354.71  354.71 41 27 1.099817e+00 1.2424e-03     0.0
20061121.5 2454061.0  355.08  355.08 41 27 1.087080e+00 1.2415e-03     0.0
20061121.5 2454061.0  355.46  355.46 41 27 1.057648e+00 1.2407e-03     0.0
20061121.5 2454061.0  355.83  355.83 41 27 1.024979e+00 1.2402e-03     0.0
20061121.5 2454061.0  356.20  356.20 41 27 9.881286e-01 1.2398e-03     0.0
20061121.5 2454061.0  356.58  356.58 41 27 9.389051e-01 1.2394e-03     0.0
20061121.5 2454061.0  356.96  356.96 41 27 8.861933e-01 1.2391e-03     0.0
20061121.5 2454061.0  357.34  357.34 41 27 8.500518e-01 1.2387e-03     0.0
20061121.5 2454061.0  357.72  357.72 41 27 8.312886e-01 1.2383e-03     0.0
20061121.5 2454061.0  358.10  358.10 41 27 8.270874e-01 1.2379e-03     0.0
20061121.5 2454061.0  358.48  358.48 41 27 8.384353e-01 1.2375e-03     0.0
20061121.5 2454061.0  358.86  358.86 41 27 8.700071e-01 1.2371e-03     0.0
20061121.5 2454061.0  359.25  359.25 41 27 9.113974e-01 1.2367e-03     0.0
20061121.5 2454061.0  359.64  359.64 41 27 9.482300e-01 1.2363e-03     0.0
20061121.5 2454061.0  360.03  360.03 41 27 9.679753e-01 1.2359e-03     0.0
20061121.5 2454061.0  360.42  360.42 41 27 9.748933e-01 1.2354e-03     0.0
20061121.5 2454061.0  360.81  360.81 41 27 9.763367e-01 1.2350e-03     0.0
20061121.5 2454061.0  361.20  361.20 41 27 9.739210e-01 1.2345e-03     0.0
20061121.5 2454061.0  361.59  361.59 41 27 9.674541e-01 1.2341e-03     0.0
20061121.5 2454061.0  361.99  361.99 41 27 9.683113e-01 1.2336e-03     0.0
20061121.5 2454061.0  362.39  362.39 41 27 9.831837e-01 1.2331e-03     0.0
20061121.5 2454061.0  362.79  362.79 41 27 1.004221e+00 1.2326e-03     0.0
20061121.5 2454061.0  363.19  363.19 41 27 1.014580e+00 1.2321e-03     0.0
20061121.5 2454061.0  363.59  363.59 41 27 1.027183e+00 1.2316e-03     0.0
20061121.5 2454061.0  363.99  363.99 41 27 1.050329e+00 1.2311e-03     0.0
20061121.5 2454061.0  364.39  364.39 41 27 1.073962e+00 1.2306e-03     0.0
20061121.5 2454061.0  364.80  364.80 41 27 1.094760e+00 1.2301e-03     0.0
20061121.5 2454061.0  365.21  365.21 41 27 1.126923e+00 1.2295e-03     0.0
20061121.5 2454061.0  365.62  365.62 41 27 1.167862e+00 1.2290e-03     0.0
20061121.5 2454061.0  366.03  366.03 41 27 1.196220e+00 1.2284e-03     0.0
20061121.5 2454061.0  366.44  366.44 41 27 1.209318e+00 1.2278e-03     0.0
20061121.5 2454061.0  366.85  366.85 41 27 1.211341e+00 1.2273e-03     0.0
20061121.5 2454061.0  367.27  367.27 41 27 1.211859e+00 1.2267e-03     0.0
20061121.5 2454061.0  367.69  367.69 41 27 1.204942e+00 1.2261e-03     0.0
20061121.5 2454061.0  368.10  368.10 41 27 1.199788e+00 1.2255e-03     0.0
20061121.5 2454061.0  368.52  368.52 41 27 1.195122e+00 1.2248e-03     0.0
20061121.5 2454061.0  368.95  368.95 41 27 1.196050e+00 1.2242e-03     0.0
20061121.5 2454061.0  369.37  369.37 41 27 1.206428e+00 1.2236e-03     0.0
20061121.5 2454061.0  369.79  369.79 41 27 1.215585e+00 1.2229e-03     0.0
20061121.5 2454061.0  370.22  370.22 41 27 1.209567e+00 1.2223e-03     0.0
20061121.5 2454061.0  370.65  370.65 41 27 1.197684e+00 1.2216e-03     0.0
20061121.5 2454061.0  371.08  371.08 41 27 1.186003e+00 1.2209e-03     0.0
20061121.5 2454061.0  371.51  371.51 41 27 1.162063e+00 1.2202e-03     0.0
20061121.5 2454061.0  371.94  371.94 41 27 1.124060e+00 1.2195e-03     0.0
20061121.5 2454061.0  372.38  372.38 41 27 1.085205e+00 1.2188e-03     0.0
20061121.5 2454061.0  372.81  372.81 41 27 1.048750e+00 1.2181e-03     0.0
20061121.5 2454061.0  373.25  373.25 41 27 1.016635e+00 1.2173e-03     0.0
20061121.5 2454061.0  373.69  373.69 41 27 9.895011e-01 1.2166e-03     0.0
20061121.5 2454061.0  374.13  374.13 41 27 9.806308e-01 1.2158e-03     0.0
20061121.5 2454061.0  374.58  374.58 41 27 9.872160e-01 1.2150e-03     0.0
20061121.5 2454061.0  375.02  375.02 41 27 1.001640e+00 1.2143e-03     0.0
20061121.5 2454061.0  375.47  375.47 41 27 1.036707e+00 1.2135e-03     0.0
20061121.5 2454061.0  375.92  375.92 41 27 1.086568e+00 1.2127e-03     0.0
20061121.5 2454061.0  376.37  376.37 41 27 1.135187e+00 1.2118e-03     0.0
20061121.5 2454061.0  376.82  376.82 41 27 1.179610e+00 1.2110e-03     0.0
20061121.5 2454061.0  377.28  377.28 41 27 1.221390e+00 1.2102e-03     0.0
20061121.5 2454061.0  377.73  377.73 41 27 1.246267e+00 1.2226e-03     0.0
20061121.5 2454061.0  378.19  378.19 41 27 1.254239e+00 1.2211e-03     0.0
20061121.5 2454061.0  378.65  378.65 41 27 1.252165e+00 1.2197e-03     0.0
20061121.5 2454061.0  379.11  379.11 41 27 1.236812e+00 1.2181e-03     0.0
20061121.5 2454061.0  379.57  379.57 41 27 1.213426e+00 1.2166e-03     0.0
20061121.5 2454061.0  380.04  380.04 41 27 1.185402e+00 1.2150e-03     0.0
20061121.5 2454061.0  380.51  380.51 41 27 1.152254e+00 1.2133e-03     0.0
20061121.5 2454061.0  380.98  380.98 41 27 1.104070e+00 1.2116e-03     0.0
20061121.5 2454061.0  381.45  381.45 41 27 1.042554e+00 1.2099e-03     0.0
20061121.5 2454061.0  381.92  381.92 41 27 9.770949e-01 1.2082e-03     0.0
20061121.5 2454061.0  382.39  382.39 41 27 9.234527e-01 1.2064e-03     0.0
20061121.5 2454061.0  382.87  382.87 41 27 8.831556e-01 1.2045e-03     0.0
20061121.5 2454061.0  383.35  383.35 41 27 8.615404e-01 1.2026e-03     0.0
20061121.5 2454061.0  383.83  383.83 41 27 8.624797e-01 1.2007e-03     0.0
20061121.5 2454061.0  384.31  384.31 41 27 8.937093e-01 1.1987e-03     0.0
20061121.5 2454061.0  384.80  384.80 41 27 9.330354e-01 1.1967e-03     0.0
20061121.5 2454061.0  385.28  385.28 41 27 9.640652e-01 1.1946e-03     0.0
20061121.5 2454061.0  385.77  385.77 41 27 9.859801e-01 1.1925e-03     0.0
20061121.5 2454061.0  386.26  386.26 41 27 1.000924e+00 1.1904e-03     0.0
20061121.5 2454061.0  386.76  386.76 41 27 1.009632e+00 1.1881e-03     0.0
20061121.5 2454061.0  387.25  387.25 41 27 1.015539e+00 1.1859e-03     0.0
20061121.5 2454061.0  387.75  387.75 41 27 1.028452e+00 1.1836e-03     0.0
20061121.5 2454061.0  388.25  388.25 41 27 1.048956e+00 1.1812e-03     0.0
20061121.5 2454061.0  388.75  388.75 41 27 1.084003e+00 1.1788e-03     0.0
20061121.5 2454061.0  389.25  389.25 41 27 1.128661e+00 1.1764e-03     0.0
20061121.5 2454061.0  389.76  389.76 41 27 1.173960e+00 1.1738e-03     0.0
20061121.5 2454061.0  390.26  390.26 41 27 1.202755e+00 1.1713e-03     0.0
20061121.5 2454061.0  390.77  390.77 41 27 1.200750e+00 1.1686e-03     0.0
20061121.5 2454061.0  391.29  391.29 41 27 1.169585e+00 1.1659e-03     0.0
20061121.5 2454061.0  391.80  391.80 41 27 1.116895e+00 1.1632e-03     0.0
20061121.5 2454061.0  392.32  392.32 41 27 1.050411e+00 1.1603e-03     0.0
20061121.5 2454061.0  392.84  392.84 41 27 9.924647e-01 1.1575e-03     0.0
20061121.5 2454061.0  393.36  393.36 41 27 9.610292e-01 1.1545e-03     0.0
20061121.5 2454061.0  393.88  393.88 41 27 9.598756e-01 1.1515e-03     0.0
20061121.5 2454061.0  394.40  394.40 41 27 9.717771e-01 1.1485e-03     0.0
20061121.5 2454061.0  394.93  394.93 41 27 9.921629e-01 1.1454e-03     0.0
20061121.5 2454061.0  395.46  395.46 41 27 1.020813e+00 1.1422e-03     0.0
20061121.5 2454061.0  395.99  395.99 41 27 1.047770e+00 1.1390e-03     0.0
20061121.5 2454061.0  396.53  396.53 41 27 1.077604e+00 1.1356e-03     0.0
20061121.5 2454061.0  397.07  397.07 41 27 1.120873e+00 1.1322e-03     0.0
20061121.5 2454061.0  397.61  397.61 41 27 1.201096e+00 1.1288e-03     0.0
20061121.5 2454061.0  398.15  398.15 41 27 1.300873e+00 1.1252e-03     0.0
20061121.5 2454061.0  398.69  398.69 41 27 1.405016e+00 1.1217e-03     0.0
20061121.5 2454061.0  399.24  399.24 41 27 1.509635e+00 1.1180e-03     0.0
20061121.5 2454061.0  399.79  399.79 41 27 1.605258e+00 1.1143e-03     0.0
20061121.5 2454061.0  400.34  400.34 41 27 1.674519e+00 1.1105e-03     0.0
20061121.5 2454061.0  400.89  400.89 41 27 1.711366e+00 1.1066e-03     0.0
20061121.5 2454061.0  401.45  401.45 41 27 1.736392e+00 1.1027e-03     0.0
20061121.5 2454061.0  402.01  402.01 41 27 1.745450e+00 1.0987e-03     0.0
20061121.5 2454061.0  402.57  402.57 41 27 1.747080e+00 1.0946e-03     0.0
20061121.5 2454061.0  403.13  403.13 41 27 1.740054e+00 1.0904e-03     0.0
20061121.5 2454061.0  403.70  403.70 41 27 1.726920e+00 1.0862e-03     0.0
20061121.5 2454061.0  404.27  404.27 41 27 1.712070e+00 1.0818e-03     0.0
20061121.5 2454061.0  404.84  404.84 41 27 1.693601e+00 1.0775e-03     0.0
20061121.5 2454061.0  405.41  405.41 41 27 1.681405e+00 1.0730e-03     0.0
20061121.5 2454061.0  405.99  405.99 41 27 1.675107e+00 1.0684e-03     0.0
20061121.5 2454061.0  406.57  406.57 41 27 1.679347e+00 1.0638e-03     0.0
20061121.5 2454061.0  407.15  407.15 41 27 1.683310e+00 1.0591e-03     0.0
20061121.5 2454061.0  407.74  407.74 41 27 1.687716e+00 1.0543e-03     0.0
20061121.5 2454061.0  408.33  408.33 41 27 1.697426e+00 1.0493e-03     0.0
20061121.5 2454061.0  408.92  408.92 41 27 1.710842e+00 1.0444e-03     0.0
20061121.5 2454061.0  409.51  409.51 41 27 1.719401e+00 1.0393e-03     0.0
20061121.5 2454061.0  410.11  410.11 41 27 1.723817e+00 1.0342e-03     0.0
20061121.5 2454061.0  410.70  410.70 41 27 1.736126e+00 1.0290e-03     0.0
20061121.5 2454061.0  411.31  411.31 41 27 1.756308e+00 1.0236e-03     0.0
20061121.5 2454061.0  411.91  411.91 41 27 1.771081e+00 1.0182e-03     0.0
20061121.5 2454061.0  412.52  412.52 41 27 1.778030e+00 1.0127e-03     0.0
20061121.5 2454061.0  413.13  413.13 41 27 1.787127e+00 1.0071e-03     0.0
20061121.5 2454061.0  413.74  413.74 41 27 1.798596e+00 1.0014e-03     0.0
20061121.5 2454061.0  414.36  414.36 41 27 1.798832e+00 9.9562e-04     0.0
20061121.5 2454061.0  414.98  414.98 41 27 1.792238e+00 9.8973e-04     0.0
20061121.5 2454061.0  415.60  415.60 41 27 1.786587e+00 9.8376e-04     0.0
20061121.5 2454061.0  416.22  416.22 41 27 1.783009e+00 9.7773e-04     0.0
20061121.5 2454061.0  416.85  416.85 41 27 1.774084e+00 9.7153e-04     0.0
20061121.5 2454061.0  417.48  417.48 41 27 1.760473e+00 9.6526e-04     0.0
20061121.5 2454061.0  418.11  418.11 41 27 1.755090e+00 9.5892e-04     0.0
20061121.5 2454061.0  418.75  418.75 41 27 1.754505e+00 9.5246e-04     0.0
20061121.5 2454061.0  419.39  419.39 41 27 1.752470e+00 9.4613e-04     0.0
20061121.5 2454061.0  420.04  420.04 41 27 1.750174e+00 9.3982e-04     0.0
20061121.5 2454061.0  420.68  420.68 41 27 1.751852e+00 9.3373e-04     0.0
20061121.5 2454061.0  421.33  421.33 41 27 1.755465e+00 9.2767e-04     0.0
20061121.5 2454061.0  421.98  421.98 41 27 1.749414e+00 9.2173e-04     0.0
20061121.5 2454061.0  422.64  422.64 41 27 1.738689e+00 9.1583e-04     0.0
20061121.5 2454061.0  423.30  423.30 41 27 1.731982e+00 9.1005e-04     0.0
20061121.5 2454061.0  423.96  423.96 41 27 1.725484e+00 9.0441e-04     0.0
20061121.5 2454061.0  424.63  424.63 41 27 1.714689e+00 8.9881e-04     0.0
20061121.5 2454061.0  425.30  425.30 41 27 1.702914e+00 8.9335e-04     0.0
20061121.5 2454061.0  425.97  425.97 41 27 1.691424e+00 8.8801e-04     0.0
20061121.5 2454061.0  426.65  426.65 41 27 1.669808e+00 8.8274e-04     0.0
20061121.5 2454061.0  427.32  427.32 41 27 1.631916e+00 8.7767e-04     0.0
20061121.5 2454061.0  428.01  428.01 41 27 1.587712e+00 8.7259e-04     0.0
20061121.5 2454061.0  428.69  428.69 41 27 1.556885e+00 8.6773e-04     0.0
20061121.5 2454061.0  429.38  429.38 41 27 1.527905e+00 8.6293e-04     0.0
20061121.5 2454061.0  430.08  430.08 41 27 1.515101e+00 8.5820e-04     0.0
20061121.5 2454061.0  430.77  430.77 41 27 1.517767e+00 8.5369e-04     0.0
20061121.5 2454061.0  431.47  431.47 41 27 1.552690e+00 8.4925e-04     0.0
20061121.5 2454061.0  432.18  432.18 41 27 1.597446e+00 8.4490e-04     0.0
20061121.5 2454061.0  432.89  432.89 41 27 1.644197e+00 8.4069e-04     0.0
20061121.5 2454061.0  433.60  433.60 41 27 1.691166e+00 8.3664e-04     0.0
20061121.5 2454061.0  434.31  434.31 41 27 1.732947e+00 8.3273e-04     0.0
20061121.5 2454061.0  435.03  435.03 41 27 1.762628e+00 8.2892e-04     0.0
20061121.5 2454061.0  435.75  435.75 41 27 1.776366e+00 8.2526e-04     0.0
20061121.5 2454061.0  436.48  436.48 41 27 1.786010e+00 8.2171e-04     0.0
20061121.5 2454061.0  437.21  437.21 41 27 1.785394e+00 8.1832e-04     0.0
20061121.5 2454061.0  437.94  437.94 41 27 1.784234e+00 8.1508e-04     0.0
20061121.5 2454061.0  438.68  438.68 41 27 1.789733e+00 8.1196e-04     0.0
20061121.5 2454061.0  439.42  439.42 41 27 1.803843e+00 8.0900e-04     0.0
20061121.5 2454061.0  440.17  440.17 41 27 1.822967e+00 8.0617e-04     0.0
20061121.5 2454061.0  440.92  440.92 41 27 1.848684e+00 8.0350e-04     0.0
20061121.5 2454061.0  441.67  441.67 41 27 1.880706e+00 8.0100e-04     0.0
20061121.5 2454061.0  442.43  442.43 41 27 1.906353e+00 7.9864e-04     0.0
20061121.5 2454061.0  443.19  443.19 41 27 1.924071e+00 7.9644e-04     0.0
20061121.5 2454061.0  443.96  443.96 41 27 1.937845e+00 7.9439e-04     0.0
20061121.5 2454061.0  444.73  444.73 41 27 1.948885e+00 7.9252e-04     0.0
20061121.5 2454061.0  445.50  445.50 41 27 1.955344e+00 7.9082e-04     0.0
20061121.5 2454061.0  446.28  446.28 41 27 1.966665e+00 7.8928e-04     0.0
20061121.5 2454061.0  447.06  447.06 41 27 1.989225e+00 7.8792e-04     0.0
20061121.5 2454061.0  447.85  447.85 41 27 2.015811e+00 7.8672e-04     0.0
20061121.5 2454061.0  448.64  448.64 41 27 2.036707e+00 7.8571e-04     0.0
20061121.5 2454061.0  449.43  449.43 41 27 2.051986e+00 7.8488e-04     0.0
20061121.5 2454061.0  450.23  450.23 41 27 2.066085e+00 7.8407e-04     0.0
20061121.5 2454061.0  451.04  451.04 41 27 2.069176e+00 7.8317e-04     0.0
20061121.5 2454061.0  451.85  451.85 41 27 2.060894e+00 7.8220e-04     0.0
20061121.5 2454061.0  452.66  452.66 41 27 2.050919e+00 7.8115e-04     0.0
20061121.5 2454061.0  453.48  453.48 41 27 2.045914e+00 7.8001e-04     0.0
20061121.5 2454061.0  454.30  454.30 41 27 2.045689e+00 7.7879e-04     0.0
20061121.5 2454061.0  455.13  455.13 41 27 2.045997e+00 7.3418e-04     0.0
20061121.5 2454061.0  455.96  455.96 41 27 2.050128e+00 7.3252e-04     0.0
20061121.5 2454061.0  456.80  456.80 41 27 2.058090e+00 7.3077e-04     0.0
20061121.5 2454061.0  457.64  457.64 41 27 2.066143e+00 7.2894e-04     0.0
20061121.5 2454061.0  458.48  458.48 41 27 2.071338e+00 7.2704e-04     0.0
20061121.5 2454061.0  459.33  459.33 41 27 2.076107e+00 7.2504e-04     0.0
20061121.5 2454061.0  460.19  460.19 41 27 2.080732e+00 7.2295e-04     0.0
20061121.5 2454061.0  461.05  461.05 41 27 2.083859e+00 7.2077e-04     0.0
20061121.5 2454061.0  461.92  461.92 41 27 2.084832e+00 7.1850e-04     0.0
20061121.5 2454061.0  462.79  462.79 41 27 2.080611e+00 7.1614e-04     0.0
20061121.5 2454061.0  463.66  463.66 41 27 2.072784e+00 7.1371e-04     0.0
20061121.5 2454061.0  464.54  464.54 41 27 2.062386e+00 7.1116e-04     0.0
20061121.5 2454061.0  465.43  465.43 41 27 2.051455e+00 7.0851e-04     0.0
20061121.5 2454061.0  466.32  466.32 41 27 2.038817e+00 7.0578e-04     0.0
20061121.5 2454061.0  467.22  467.22 41 27 2.029459e+00 7.0293e-04     0.0
20061121.5 2454061.0  468.12  468.12 41 27 2.027907e+00 6.9999e-04     0.0
20061121.5 2454061.0  469.03  469.03 41 27 2.028102e+00 6.9694e-04     0.0
20061121.5 2454061.0  469.94  469.94 41 27 2.031349e+00 6.9380e-04     0.0
20061121.5 2454061.0  470.86  470.86 41 27 2.037750e+00 6.9055e-04     0.0
20061121.5 2454061.0  471.78  471.78 41 27 2.048001e+00 6.8720e-04     0.0
20061121.5 2454061.0  472.71  472.71 41 27 2.057674e+00 6.8373e-04     0.0
20061121.5 2454061.0  473.64  473.64 41 27 2.066093e+00 6.8016e-04     0.0
20061121.5 2454061.0  474.58  474.58 41 27 2.075387e+00 6.7647e-04     0.0
20061121.5 2454061.0  475.53  475.53 41 27 2.083940e+00 6.7265e-04     0.0
20061121.5 2454061.0  476.48  476.48 41 27 2.090277e+00 6.6873e-04     0.0
20061121.5 2454061.0  477.44  477.44 41 27 2.097583e+00 6.6468e-04     0.0
20061121.5 2454061.0  478.40  478.40 41 27 2.103556e+00 6.6053e-04     0.0
20061121.5 2454061.0  479.37  479.37 41 27 2.104757e+00 6.5624e-04     0.0
20061121.5 2454061.0  480.34  480.34 41 27 2.101449e+00 6.5185e-04     0.0
20061121.5 2454061.0  481.33  481.33 41 27 2.083381e+00 6.4727e-04     0.0
20061121.5 2454061.0  482.31  482.31 41 27 2.055844e+00 6.4264e-04     0.0
20061121.5 2454061.0  483.31  483.31 41 27 2.022726e+00 6.3781e-04     0.0
20061121.5 2454061.0  484.30  484.30 41 27 1.988263e+00 6.3292e-04     0.0
20061121.5 2454061.0  485.31  485.31 41 27 1.957453e+00 6.2784e-04     0.0
20061121.5 2454061.0  486.32  486.32 41 27 1.935683e+00 6.2264e-04     0.0
20061121.5 2454061.0  487.34  487.34 41 27 1.929629e+00 6.1729e-04     0.0
20061121.5 2454061.0  488.37  488.37 41 27 1.935697e+00 6.1178e-04     0.0
20061121.5 2454061.0  489.40  489.40 41 27 1.948835e+00 6.0615e-04     0.0
20061121.5 2454061.0  490.43  490.43 41 27 1.964050e+00 6.0042e-04     0.0
20061121.5 2454061.0  491.48  491.48 41 27 1.978859e+00 5.9446e-04     0.0
20061121.5 2454061.0  492.53  492.53 41 27 1.990914e+00 5.8839e-04     0.0
20061121.5 2454061.0  493.59  493.59 41 27 1.996792e+00 5.8214e-04     0.0
20061121.5 2454061.0  494.65  494.65 41 27 2.000119e+00 5.7578e-04     0.0
20061121.5 2454061.0  495.72  495.72 41 27 1.995627e+00 5.6924e-04     0.0
20061121.5 2454061.0  496.80  496.80 41 27 1.987244e+00 5.6251e-04     0.0
20061121.5 2454061.0  497.89  497.89 41 27 1.977625e+00 5.5560e-04     0.0
20061121.5 2454061.0  498.98  498.98 41 27 1.964945e+00 5.4857e-04     0.0
20061121.5 2454061.0  500.08  500.08 41 27 1.954584e+00 5.4135e-04     0.0
20061121.5 2454061.0  501.19  501.19 41 27 1.947652e+00 5.3394e-04     0.0
20061121.5 2454061.0  502.30  502.30 41 27 1.945992e+00 5.2640e-04     0.0
20061121.5 2454061.0  503.42  503.42 41 27 1.949086e+00 5.1866e-04     0.0
20061121.5 2454061.0  504.55  504.55 41 27 1.954763e+00 5.1072e-04     0.0
20061121.5 2454061.0  505.69  505.69 41 27 1.960847e+00 5.0257e-04     0.0
20061121.5 2454061.0  506.83  506.83 41 27 1.964888e+00 4.9429e-04     0.0
20061121.5 2454061.0  507.99  507.99 41 27 1.963517e+00 4.8573e-04     0.0
20061121.5 2454061.0  509.14  509.14 41 27 1.958310e+00 4.7710e-04     0.0
20061121.5 2454061.0  510.31  510.31 41 27 1.949074e+00 4.6818e-04     0.0
20061121.5 2454061.0  511.49  511.49 41 27 1.929110e+00 4.5904e-04     0.0
20061121.5 2454061.0  512.67  512.67 41 27 1.902638e+00 4.4989e-04     0.0
20061121.5 2454061.0  513.86  513.86 41 27 1.877020e+00 4.4083e-04     0.0
20061121.5 2454061.0  515.06  515.06 41 27 1.854282e+00 4.3186e-04     0.0
20061121.5 2454061.0  516.27  516.27 41 27 1.833879e+00 4.2300e-04     0.0
20061121.5 2454061.0  517.49  517.49 41 27 1.822058e+00 4.1425e-04     0.0
20061121.5 2454061.0  518.71  518.71 41 27 1.826627e+00 4.0567e-04     0.0
20061121.5 2454061.0  519.94  519.94 41 27 1.839371e+00 3.9721e-04     0.0
20061121.5 2454061.0  521.18  521.18 41 27 1.850868e+00 3.8886e-04     0.0
20061121.5 2454061.0  522.43  522.43 41 27 1.864035e+00 3.8064e-04     0.0
20061121.5 2454061.0  523.69  523.69 41 27 1.878918e+00 3.7254e-04     0.0
20061121.5 2454061.0  524.96  524.96 41 27 1.891733e+00 3.6457e-04     0.0
20061121.5 2454061.0  526.24  526.24 41 27 1.895947e+00 3.5674e-04     0.0
20061121.5 2454061.0  527.52  527.52 41 27 1.900682e+00 3.4911e-04     0.0
20061121.5 2454061.0  528.82  528.82 41 27 1.911008e+00 3.4156e-04     0.0
20061121.5 2454061.0  530.12  530.12 41 27 1.918902e+00 3.3421e-04     0.0
20061121.5 2454061.0  531.44  531.44 41 27 1.922734e+00 3.2696e-04     0.0
20061121.5 2454061.0  532.76  532.76 41 27 1.923436e+00 3.1993e-04     0.0
20061121.5 2454061.0  534.09  534.09 41 27 1.922633e+00 3.1305e-04     0.0
20061121.5 2454061.0  535.43  535.43 41 27 1.917657e+00 3.0634e-04     0.0
20061121.5 2454061.0  536.79  536.79 41 27 1.909144e+00 2.9975e-04     0.0
20061121.5 2454061.0  538.15  538.15 41 27 1.900975e+00 2.9339e-04     0.0
20061121.5 2454061.0  539.52  539.52 41 27 1.894858e+00 2.8721e-04     0.0
20061121.5 2454061.0  540.90  540.90 41 27 1.890561e+00 2.8121e-04     0.0
20061121.5 2454061.0  542.29  542.29 41 27 1.888997e+00 2.7540e-04     0.0
20061121.5 2454061.0  543.69  543.69 41 27 1.889207e+00 2.6979e-04     0.0
20061121.5 2454061.0  545.11  545.11 41 27 1.890449e+00 2.6431e-04     0.0
20061121.5 2454061.0  546.53  546.53 41 27 1.890566e+00 2.5910e-04     0.0
20061121.5 2454061.0  547.96  547.96 41 27 1.891806e+00 2.5410e-04     0.0
20061121.5 2454061.0  549.41  549.41 41 27 1.891191e+00 2.4929e-04     0.0
20061121.5 2454061.0  550.86  550.86 41 27 1.887677e+00 2.4473e-04     0.0
20061121.5 2454061.0  552.33  552.33 41 27 1.881141e+00 2.4038e-04     0.0
20061121.5 2454061.0  553.80  553.80 41 27 1.874591e+00 2.3628e-04     0.0
20061121.5 2454061.0  555.29  555.29 41 27 1.867674e+00 2.3239e-04     0.0
20061121.5 2454061.0  556.79  556.79 41 27 1.859653e+00 2.2875e-04     0.0
20061121.5 2454061.0  558.30  558.30 41 27 1.851509e+00 2.2537e-04     0.0
20061121.5 2454061.0  559.82  559.82 41 27 1.846978e+00 2.2223e-04     0.0
20061121.5 2454061.0  561.36  561.36 41 27 1.844815e+00 2.1935e-04     0.0
20061121.5 2454061.0  562.90  562.90 41 27 1.842088e+00 2.1675e-04     0.0
20061121.5 2454061.0  564.46  564.46 41 27 1.841237e+00 2.1441e-04     0.0
20061121.5 2454061.0  566.03  566.03 41 27 1.842613e+00 2.1235e-04     0.0
20061121.5 2454061.0  567.61  567.61 41 27 1.844218e+00 2.1059e-04     0.0
20061121.5 2454061.0  569.21  569.21 41 27 1.844697e+00 2.0911e-04     0.0
20061121.5 2454061.0  570.81  570.81 41 27 1.844974e+00 2.0796e-04     0.0
20061121.5 2454061.0  572.43  572.43 41 27 1.846303e+00 2.0709e-04     0.0
20061121.5 2454061.0  574.06  574.06 41 27 1.847073e+00 2.0654e-04     0.0
20061121.5 2454061.0  575.71  575.71 41 27 1.846469e+00 2.0609e-04     0.0
20061121.5 2454061.0  577.37  577.37 41 27 1.844066e+00 2.0562e-04     0.0
20061121.5 2454061.0  579.04  579.04 41 27 1.841406e+00 2.0512e-04     0.0
20061121.5 2454061.0  580.72  580.72 41 27 1.834520e+00 2.0461e-04     0.0
20061121.5 2454061.0  582.42  582.42 41 27 1.825702e+00 2.0407e-04     0.0
20061121.5 2454061.0  584.13  584.13 41 27 1.816261e+00 2.0351e-04     0.0
20061121.5 2454061.0  585.86  585.86 41 27 1.806289e+00 2.0292e-04     0.0
20061121.5 2454061.0  587.59  587.59 41 27 1.797261e+00 2.0232e-04     0.0
20061121.5 2454061.0  589.35  589.35 41 27 1.789559e+00 2.0168e-04     0.0
20061121.5 2454061.0  591.11  591.11 41 27 1.785601e+00 2.0102e-04     0.0
20061121.5 2454061.0  592.90  592.90 41 27 1.781902e+00 2.0033e-04     0.0
20061121.5 2454061.0  594.69  594.69 41 27 1.778928e+00 1.9962e-04     0.0
20061121.5 2454061.0  596.50  596.50 41 27 1.775554e+00 1.9888e-04     0.0
20061121.5 2454061.0  598.33  598.33 41 27 1.771879e+00 1.9810e-04     0.0
20061121.5 2454061.0  600.17  600.17 41 27 1.765982e+00 1.9731e-04     0.0
20061121.5 2454061.0  602.03  602.03 41 27 1.758538e+00 1.9648e-04     0.0
20061121.5 2454061.0  603.90  603.90 41 27 1.750594e+00 1.9562e-04     0.0
20061121.5 2454061.0  605.78  605.78 41 27 1.740571e+00 1.9474e-04     0.0
20061121.5 2454061.0  607.69  607.69 41 27 1.728547e+00 1.9381e-04     0.0
20061121.5 2454061.0  609.60  609.60 41 27 1.716933e+00 1.9287e-04     0.0
20061121.5 2454061.0  611.54  611.54 41 27 1.705894e+00 1.9188e-04     0.0
20061121.5 2454061.0  613.49  613.49 41 27 1.694746e+00 1.9086e-04     0.0
20061121.5 2454061.0  615.46  615.46 41 27 1.684344e+00 1.8981e-04     0.0
20061121.5 2454061.0  617.44  617.44 41 27 1.677484e+00 1.8873e-04     0.0
20061121.5 2454061.0  619.44  619.44 41 27 1.672821e+00 1.8761e-04     0.0
20061121.5 2454061.0  621.46  621.46 41 27 1.667170e+00 1.8645e-04     0.0
20061121.5 2454061.0  623.49  623.49 41 27 1.661277e+00 1.8525e-04     0.0
20061121.5 2454061.0  625.54  625.54 41 27 1.655720e+00 1.8402e-04     0.0
20061121.5 2454061.0  627.61  627.61 41 27 1.650646e+00 1.8275e-04     0.0
20061121.5 2454061.0  629.70  629.70 41 27 1.643583e+00 1.8144e-04     0.0
20061121.5 2454061.0  631.81  631.81 41 27 1.636109e+00 1.8008e-04     0.0
20061121.5 2454061.0  633.93  633.93 41 27 1.629150e+00 1.7869e-04     0.0
20061121.5 2454061.0  636.07  636.07 41 27 1.622478e+00 1.7726e-04     0.0
20061121.5 2454061.0  638.23  638.23 41 27 1.614212e+00 1.7578e-04     0.0
20061121.5 2454061.0  640.41  640.41 41 27 1.605737e+00 1.7426e-04     0.0
20061121.5 2454061.0  642.61  642.61 41 27 1.597755e+00 1.7269e-04     0.0
20061121.5 2454061.0  644.82  644.82 41 27 1.584920e+00 1.7108e-04     0.0
20061121.5 2454061.0  647.06  647.06 41 27 1.571255e+00 1.6942e-04     0.0
20061121.5 2454061.0  649.31  649.31 41 27 1.558307e+00 1.6772e-04     0.0
20061121.5 2454061.0  651.59  651.59 41 27 1.546369e+00 1.6596e-04     0.0
20061121.5 2454061.0  653.88  653.88 41 27 1.535019e+00 1.6415e-04     0.0
20061121.5 2454061.0  656.20  656.20 41 27 1.526838e+00 1.6229e-04     0.0
20061121.5 2454061.0  658.53  658.53 41 27 1.524546e+00 1.6039e-04     0.0
20061121.5 2454061.0  660.89  660.89 41 27 1.524222e+00 1.5842e-04     0.0
20061121.5 2454061.0  663.27  663.27 41 27 1.523362e+00 1.5640e-04     0.0
20061121.5 2454061.0  665.66  665.66 41 27 1.521805e+00 1.5433e-04     0.0
20061121.5 2454061.0  668.08  668.08 41 27 1.519829e+00 1.5220e-04     0.0
20061121.5 2454061.0  670.52  670.52 41 27 1.514900e+00 1.5005e-04     0.0
20061121.5 2454061.0  672.99  672.99 41 27 1.506830e+00 1.4787e-04     0.0
20061121.5 2454061.0  675.47  675.47 41 27 1.498298e+00 1.4568e-04     0.0
20061121.5 2454061.0  677.98  677.98 41 27 1.489769e+00 1.4347e-04     0.0
20061121.5 2454061.0  680.50  680.50 41 27 1.480795e+00 1.4124e-04     0.0
20061121.5 2454061.0  683.06  683.06 41 27 1.471562e+00 1.3898e-04     0.0
20061121.5 2454061.0  685.63  685.63 41 27 1.462221e+00 1.3672e-04     0.0
20061121.5 2454061.0  688.23  688.23 41 27 1.452415e+00 1.3442e-04     0.0
20061121.5 2454061.0  690.85  690.85 41 27 1.442339e+00 1.3211e-04     0.0
20061121.5 2454061.0  693.49  693.49 41 27 1.432258e+00 1.2979e-04     0.0
20061121.5 2454061.0  696.16  696.16 41 27 1.422279e+00 1.2743e-04     0.0
20061121.5 2454061.0  698.85  698.85 41 27 1.412383e+00 1.2506e-04     0.0
20061121.5 2454061.0  701.56  701.56 41 27 1.402748e+00 1.2267e-04     0.0
20061121.5 2454061.0  704.30  704.30 41 27 1.393168e+00 1.2026e-04     0.0
20061121.5 2454061.0  707.07  707.07 41 27 1.383142e+00 1.1782e-04     0.0
20061121.5 2454061.0  709.85  709.85 41 27 1.373089e+00 1.1537e-04     0.0
20061121.5 2454061.0  712.67  712.67 41 27 1.362801e+00 1.1289e-04     0.0
20061121.5 2454061.0  715.51  715.51 41 27 1.352367e+00 1.1038e-04     0.0
20061121.5 2454061.0  718.37  718.37 41 27 1.342231e+00 1.0787e-04     0.0
20061121.5 2454061.0  721.26  721.26 41 27 1.332785e+00 1.0532e-04     0.0
20061121.5 2454061.0  724.18  724.18 41 27 1.323387e+00 1.0275e-04     0.0
20061121.5 2454061.0  727.12  727.12 41 27 1.313863e+00 1.0016e-04     0.0
20061121.5 2454061.0  730.09  730.09 41 27 1.304737e+00 9.7549e-05     0.0
20061121.5 2454061.0  733.08  733.08 41 27 1.296086e+00 9.4918e-05     0.0
20061121.5 2454061.0  736.10  736.10 41 27 1.287163e+00 9.2261e-05     0.0
20061121.5 2454061.0  739.15  739.15 41 27 1.278257e+00 8.9578e-05     0.0
20061121.5 2454061.0  742.22  742.22 41 27 1.270328e+00 8.6878e-05     0.0
20061121.5 2454061.0  745.33  745.33 41 27 1.262928e+00 8.4143e-05     0.0
20061121.5 2454061.0  748.46  748.46 41 27 1.255439e+00 8.1391e-05     0.0
20061121.5 2454061.0  751.61  751.61 41 27 1.247394e+00 7.8622e-05     0.0
20061121.5 2454061.0  754.80  754.80 41 27 1.239398e+00 7.5818e-05     0.0
20061121.5 2454061.0  758.01  758.01 41 27 1.230917e+00 7.2997e-05     0.0
20061121.5 2454061.0  761.26  761.26 41 27 1.221816e+00 7.0149e-05     0.0
20061121.5 2454061.0  764.53  764.53 41 27 1.212747e+00 6.7522e-05     0.0
20061121.5 2454061.0  767.83  767.83 41 27 1.203950e+00 6.5226e-05     0.0
20061121.5 2454061.0  771.15  771.15 41 27 1.195844e+00 6.4588e-05     0.0
20061121.5 2454061.0  774.51  774.51 41 27 1.187535e+00 6.3226e-05     0.0
20061121.5 2454061.0  777.90  777.90 41 27 1.178972e+00 6.1959e-05     0.0
20061121.5 2454061.0  781.31  781.31 41 27 1.170393e+00 6.1036e-05     0.0
20061121.5 2454061.0  784.76  784.76 41 27 1.161445e+00 6.0537e-05     0.0
20061121.5 2454061.0  788.23  788.23 41 27 1.151855e+00 6.0437e-05     0.0
20061121.5 2454061.0  791.73  791.73 41 27 1.141817e+00 6.0751e-05     0.0
20061121.5 2454061.0  795.27  795.27 41 27 1.132311e+00 6.1491e-05     0.0
20061121.5 2454061.0  798.83  798.83 41 27 1.123077e+00 6.1405e-05     0.0
20061121.5 2454061.0  802.42  802.42 41 27 1.113270e+00 6.2984e-05     0.0
20061121.5 2454061.0  806.05  806.05 41 27 1.103743e+00 6.5013e-05     0.0
20061121.5 2454061.0  809.70  809.70 41 27 1.094807e+00 6.7153e-05     0.0
20061121.5 2454061.0  813.39  813.39 41 27 1.085507e+00 7.0082e-05     0.0
20061121.5 2454061.0  817.10  817.10 41 27 1.075858e+00 7.3478e-05     0.0
20061121.5 2454061.0  820.85  820.85 41 27 1.066666e+00 7.7370e-05     0.0
20061121.5 2454061.0  824.62  824.62 41 27 1.058077e+00 8.1748e-05     0.0
20061121.5 2454061.0  828.43  828.43 41 27 1.048878e+00 8.6647e-05     0.0
20061121.5 2454061.0  832.26  832.26 41 27 1.038052e+00 9.2052e-05     0.0
20061121.5 2454061.0  836.13  836.13 41 27 1.026576e+00 9.8002e-05     0.0
20061121.5 2454061.0  840.03  840.03 41 27 1.015670e+00 1.0450e-04     0.0
20061121.5 2454061.0  843.96  843.96 41 27 1.003272e+00 1.1155e-04     0.0
20061121.5 2454061.0  847.92  847.92 41 27 9.901171e-01 1.1916e-04     0.0
20061121.5 2454061.0  851.91  851.91 41 27 9.786525e-01 1.2736e-04     0.0
20061121.5 2454061.0  855.93  855.93 41 27 9.695143e-01 1.3614e-04     0.0
20061121.5 2454061.0  859.99  859.99 41 27 9.618520e-01 1.4555e-04     0.0
20061121.5 2454061.0  864.07  864.07 41 27 9.545666e-01 1.5555e-04     0.0
20061121.5 2454061.0  868.18  868.18 41 27 9.489963e-01 1.6618e-04     0.0
20061121.5 2454061.0  872.33  872.33 41 27 9.450251e-01 1.7747e-04     0.0
20061121.5 2454061.0  876.50  876.50 41 27 9.403001e-01 1.8939e-04     0.0
20061121.5 2454061.0  880.71  880.71 41 27 9.344553e-01 2.0200e-04     0.0
20061121.5 2454061.0  884.94  884.94 41 27 9.286358e-01 2.1526e-04     0.0
20061121.5 2454061.0  889.21  889.21 41 27 9.222100e-01 2.2924e-04     0.0
20061121.5 2454061.0  893.50  893.50 41 27 9.148234e-01 2.4389e-04     0.0
20061121.5 2454061.0  897.83  897.83 41 27 9.068376e-01 2.5928e-04     0.0
20061121.5 2454061.0  902.19  902.19 41 27 8.980548e-01 2.7541e-04     0.0
20061121.5 2454061.0  906.57  906.57 41 27 8.898881e-01 2.9224e-04     0.0
20061121.5 2454061.0  910.99  910.99 41 27 8.818836e-01 3.0986e-04     0.0
20061121.5 2454061.0  915.43  915.43 41 27 8.737639e-01 3.2820e-04     0.0
20061121.5 2454061.0  919.91  919.91 41 27 8.652226e-01 3.4737e-04     0.0
20061121.5 2454061.0  924.41  924.41 41 27 8.571182e-01 3.6728e-04     0.0
20061121.5 2454061.0  928.94  928.94 41 27 8.492339e-01 3.8800e-04     0.0
20061121.5 2454061.0  933.50  933.50 41 27 8.407331e-01 4.0954e-04     0.0
20061121.5 2454061.0  938.09  938.09 41 27 8.320792e-01 4.3191e-04     0.0
20061121.5 2454061.0  942.70  942.70 41 27 8.243478e-01 4.5507e-04     0.0
20061121.5 2454061.0  947.35  947.35 41 27 8.172708e-01 4.7914e-04     0.0
20061121.5 2454061.0  952.74  952.74 44 27 8.089073e-01 2.5000e-04     0.0
20061121.5 2454061.0  957.41  957.41 44 27 8.016920e-01 2.5000e-04     0.0
20061121.5 2454061.0  962.11  962.11 44 27 7.955441e-01 2.5000e-04     0.0
20061121.5 2454061.0  966.83  966.83 44 27 7.897510e-01 2.5000e-04     0.0
20061121.5 2454061.0  971.58  971.58 44 27 7.837025e-01 2.5000e-04     0.0
20061121.5 2454061.0  976.35  976.35 44 27 7.769666e-01 2.5000e-04     0.0
20061121.5 2454061.0  981.15  981.15 44 27 7.695672e-01 2.5000e-04     0.0
20061121.5 2454061.0  985.98  985.98 44 27 7.619530e-01 2.5000e-04     0.0
20061121.5 2454061.0  990.82  990.82 44 27 7.541202e-01 2.5000e-04     0.0
20061121.5 2454061.0  995.70  995.70 44 27 7.461557e-01 2.5000e-04     0.0
20061121.5 2454061.0 1000.59 1000.59 44 27 7.385732e-01 2.5000e-04     0.0
20061121.5 2454061.0 1005.51 1005.51 44 27 7.316436e-01 2.5000e-04     0.0
20061121.5 2454061.0 1010.45 1010.45 44 27 7.251807e-01 2.5000e-04     0.0
20061121.5 2454061.0 1015.42 1015.42 44 27 7.184554e-01 2.5000e-04     0.0
20061121.5 2454061.0 1020.41 1020.41 44 27 7.118068e-01 2.5000e-04     0.0
20061121.5 2454061.0 1025.41 1025.41 44 27 7.054471e-01 2.5000e-04     0.0
20061121.5 2454061.0 1030.44 1030.44 44 27 6.988538e-01 2.5000e-04     0.0
20061121.5 2454061.0 1035.49 1035.49 44 27 6.917971e-01 2.5000e-04     0.0
20061121.5 2454061.0 1040.57 1040.57 44 27 6.845375e-01 2.5000e-04     0.0
20061121.5 2454061.0 1045.66 1045.66 44 27 6.772227e-01 2.5000e-04     0.0
20061121.5 2454061.0 1050.77 1050.77 44 27 6.695865e-01 2.5000e-04     0.0
20061121.5 2454061.0 1055.90 1055.90 44 27 6.612252e-01 2.5000e-04     0.0
20061121.5 2454061.0 1061.04 1061.04 44 27 6.527022e-01 2.5000e-04     0.0
20061121.5 2454061.0 1066.21 1066.21 44 27 6.440710e-01 2.5000e-04     0.0
20061121.5 2454061.0 1071.39 1071.39 44 27 6.356483e-01 2.5000e-04     0.0
20061121.5 2454061.0 1076.59 1076.59 44 27 6.278337e-01 2.5000e-04     0.0
20061121.5 2454061.0 1081.81 1081.81 44 27 6.207204e-01 2.5000e-04     0.0
20061121.5 2454061.0 1087.04 1087.04 44 27 6.145071e-01 2.5000e-04     0.0
20061121.5 2454061.0 1092.29 1092.29 44 27 6.088904e-01 2.5000e-04     0.0
20061121.5 2454061.0 1097.55 1097.55 44 27 6.036780e-01 2.5000e-04     0.0
20061121.5 2454061.0 1102.83 1102.83 44 27 5.987039e-01 2.5000e-04     0.0
20061121.5 2454061.0 1108.13 1108.13 44 27 5.935447e-01 2.5000e-04     0.0
20061121.5 2454061.0 1113.43 1113.43 44 27 5.880251e-01 2.5000e-04     0.0
20061121.5 2454061.0 1118.75 1118.75 44 27 5.823956e-01 2.5000e-04     0.0
20061121.5 2454061.0 1124.09 1124.09 44 27 5.766726e-01 2.5000e-04     0.0
20061121.5 2454061.0 1129.43 1129.43 44 27 5.707437e-01 2.5000e-04     0.0
20061121.5 2454061.0 1134.79 1134.79 44 27 5.648258e-01 2.5000e-04     0.0
20061121.5 2454061.0 1140.16 1140.16 44 27 5.590877e-01 2.5000e-04     0.0
20061121.5 2454061.0 1145.53 1145.53 44 27 5.533687e-01 2.5000e-04     0.0
20061121.5 2454061.0 1150.92 1150.92 44 27 5.473439e-01 2.5000e-04     0.0
20061121.5 2454061.0 1156.32 1156.32 44 27 5.412775e-01 2.5000e-04     0.0
20061121.5 2454061.0 1161.73 1161.73 44 27 5.352978e-01 2.5000e-04     0.0
20061121.5 2454061.0 1167.15 1167.15 44 27 5.293285e-01 2.5000e-04     0.0
20061121.5 2454061.0 1172.57 1172.57 44 27 5.232547e-01 2.5000e-04     0.0
20061121.5 2454061.0 1178.01 1178.01 44 27 5.172916e-01 2.5000e-04     0.0
20061121.5 2454061.0 1183.45 1183.45 44 27 5.118333e-01 2.5000e-04     0.0
20061121.5 2454061.0 1188.90 1188.90 44 27 5.068272e-01 2.5000e-04     0.0
20061121.5 2454061.0 1194.35 1194.35 44 27 5.019642e-01 2.5000e-04     0.0
20061121.5 2454061.0 1199.82 1199.82 44 27 4.974619e-01 2.5000e-04     0.0
20061121.5 2454061.0 1205.28 1205.28 44 27 4.934505e-01 2.5000e-04     0.0
20061121.5 2454061.0 1210.76 1210.76 44 27 4.894810e-01 2.5000e-04     0.0
20061121.5 2454061.0 1216.23 1216.23 44 27 4.855112e-01 2.5000e-04     0.0
20061121.5 2454061.0 1221.72 1221.72 44 27 4.814430e-01 2.5000e-04     0.0
20061121.5 2454061.0 1227.20 1227.20 44 27 4.772391e-01 2.5000e-04     0.0
20061121.5 2454061.0 1232.69 1232.69 44 27 4.727992e-01 2.5000e-04     0.0
20061121.5 2454061.0 1238.19 1238.19 44 27 4.681795e-01 2.5000e-04     0.0
20061121.5 2454061.0 1243.68 1243.68 44 27 4.635567e-01 2.5000e-04     0.0
20061121.5 2454061.0 1249.18 1249.18 44 27 4.585673e-01 2.5000e-04     0.0
20061121.5 2454061.0 1254.68 1254.68 44 27 4.533704e-01 2.5000e-04     0.0
20061121.5 2454061.0 1260.19 1260.19 44 27 4.483538e-01 2.5000e-04     0.0
20061121.5 2454061.0 1265.69 1265.69 44 27 4.436633e-01 2.5000e-04     0.0
20061121.5 2454061.0 1271.20 1271.20 44 27 4.390017e-01 2.5000e-04     0.0
20061121.5 2454061.0 1276.70 1276.70 44 27 4.347666e-01 2.5000e-04     0.0
20061121.5 2454061.0 1282.21 1282.21 44 27 4.309005e-01 2.5000e-04     0.0
20061121.5 2454061.0 1287.72 1287.72 44 27 4.275397e-01 2.5000e-04     0.0
20061121.5 2454061.0 1293.22 1293.22 44 27 4.241079e-01 2.5000e-04     0.0
20061121.5 2454061.0 1298.73 1298.73 44 27 4.206333e-01 2.5000e-04     0.0
20061121.5 2454061.0 1304.24 1304.24 44 27 4.171758e-01 2.5000e-04     0.0
20061121.5 2454061.0 1309.74 1309.74 44 27 4.136114e-01 2.5000e-04     0.0
20061121.5 2454061.0 1315.24 1315.24 44 27 4.100430e-01 2.5000e-04     0.0
20061121.5 2454061.0 1320.74 1320.74 44 27 4.065498e-01 2.5000e-04     0.0
20061121.5 2454061.0 1326.24 1326.24 44 27 4.030477e-01 2.5000e-04     0.0
20061121.5 2454061.0 1331.74 1331.74 44 27 3.996136e-01 2.5000e-04     0.0
20061121.5 2454061.0 1337.23 1337.23 44 27 3.961369e-01 2.5000e-04     0.0
20061121.5 2454061.0 1342.72 1342.72 44 27 3.924939e-01 2.5000e-04     0.0
20061121.5 2454061.0 1348.21 1348.21 44 27 3.888117e-01 2.5000e-04     0.0
20061121.5 2454061.0 1353.69 1353.69 44 27 3.851802e-01 2.5000e-04     0.0
20061121.5 2454061.0 1359.17 1359.17 44 27 3.815726e-01 2.5000e-04     0.0
20061121.5 2454061.0 1364.64 1364.64 44 27 3.780895e-01 2.5000e-04     0.0
20061121.5 2454061.0 1370.12 1370.12 44 27 3.747469e-01 2.5000e-04     0.0
20061121.5 2454061.0 1375.58 1375.58 44 27 3.714913e-01 2.5000e-04     0.0
20061121.5 2454061.0 1381.04 1381.04 44 27 3.681915e-01 2.5000e-04     0.0
20061121.5 2454061.0 1386.50 1386.50 44 27 3.648425e-01 2.5000e-04     0.0
20061121.5 2454061.0 1391.95 1391.95 44 27 3.614565e-01 2.5000e-04     0.0
20061121.5 2454061.0 1397.40 1397.40 44 27 3.578568e-01 2.5000e-04     0.0
20061121.5 2454061.0 1402.84 1402.84 44 27 3.543932e-01 2.5000e-04     0.0
20061121.5 2454061.0 1408.28 1408.28 44 27 3.508668e-01 2.5000e-04     0.0
20061121.5 2454061.0 1413.71 1413.71 44 27 3.474031e-01 2.5000e-04     0.0
20061121.5 2454061.0 1419.13 1419.13 44 27 3.439952e-01 2.5000e-04     0.0
20061121.5 2454061.0 1424.55 1424.55 44 27 3.406768e-01 2.5000e-04     0.0
20061121.5 2454061.0 1429.96 1429.96 44 27 3.375604e-01 2.5000e-04     0.0
20061121.5 2454061.0 1435.36 1435.36 44 27 3.346088e-01 2.5000e-04     0.0
20061121.5 2454061.0 1440.76 1440.76 44 27 3.317674e-01 2.5000e-04     0.0
20061121.5 2454061.0 1446.15 1446.15 44 27 3.291095e-01 2.5000e-04     0.0
20061121.5 2454061.0 1451.54 1451.54 44 27 3.264510e-01 2.5000e-04     0.0
20061121.5 2454061.0 1456.91 1456.91 44 27 3.237016e-01 2.5000e-04     0.0
20061121.5 2454061.0 1462.28 1462.28 44 27 3.209609e-01 2.5000e-04     0.0
20061121.5 2454061.0 1467.64 1467.64 44 27 3.180416e-01 2.5000e-04     0.0
20061121.5 2454061.0 1473.00 1473.00 44 27 3.147831e-01 2.5000e-04     0.0
20061121.5 2454061.0 1478.34 1478.34 44 27 3.115875e-01 2.5000e-04     0.0
20061121.5 2454061.0 1483.68 1483.68 44 27 3.085722e-01 2.5000e-04     0.0
20061121.5 2454061.0 1489.01 1489.01 44 27 3.058683e-01 2.5000e-04     0.0
20061121.5 2454061.0 1494.33 1494.33 44 27 3.034467e-01 2.5000e-04     0.0
20061121.5 2454061.0 1499.65 1499.65 44 27 3.012835e-01 2.5000e-04     0.0
20061121.5 2454061.0 1504.95 1504.95 44 27 2.995651e-01 2.5000e-04     0.0
20061121.5 2454061.0 1510.25 1510.25 44 27 2.979755e-01 2.5000e-04     0.0
20061121.5 2454061.0 1515.54 1515.54 44 27 2.961703e-01 2.5000e-04     0.0
20061121.5 2454061.0 1520.82 1520.82 44 27 2.943448e-01 2.5000e-04     0.0
20061121.5 2454061.0 1526.09 1526.09 44 27 2.923150e-01 2.5000e-04     0.0
20061121.5 2454061.0 1531.36 1531.36 44 27 2.898174e-01 2.5000e-04     0.0
20061121.5 2454061.0 1536.61 1536.61 44 27 2.870860e-01 2.5000e-04     0.0
20061121.5 2454061.0 1541.86 1541.86 44 27 2.840132e-01 2.5000e-04     0.0
20061121.5 2454061.0 1547.09 1547.09 44 27 2.805194e-01 2.5000e-04     0.0
20061121.5 2454061.0 1552.32 1552.32 44 27 2.769524e-01 2.5000e-04     0.0
20061121.5 2454061.0 1557.54 1557.54 44 27 2.732752e-01 2.5000e-04     0.0
20061121.5 2454061.0 1562.75 1562.75 44 27 2.696343e-01 2.5000e-04     0.0
20061121.5 2454061.0 1567.95 1567.95 44 27 2.663126e-01 2.5000e-04     0.0
20061121.5 2454061.0 1573.14 1573.14 44 27 2.634558e-01 2.5000e-04     0.0
20061121.5 2454061.0 1578.32 1578.32 44 27 2.610638e-01 2.5000e-04     0.0
20061121.5 2454061.0 1583.49 1583.49 44 27 2.589404e-01 2.5000e-04     0.0
20061121.5 2454061.0 1588.65 1588.65 44 27 2.570287e-01 2.5000e-04     0.0
20061121.5 2454061.0 1593.80 1593.80 44 27 2.553586e-01 2.5000e-04     0.0
20061121.5 2454061.0 1598.95 1598.95 44 27 2.537263e-01 2.5000e-04     0.0
20061121.5 2454061.0 1601.18 1601.18 31 27 2.527207e-01 4.5247e-04     0.0
20061121.5 2454061.0 1616.86 1616.86 31 27 2.475812e-01 4.5250e-04     0.0
20061121.5 2454061.0 1632.42 1632.42 31 27 2.410636e-01 4.7673e-04     0.0
20061121.5 2454061.0 1647.91 1647.91 31 27 2.351411e-01 5.5042e-04     0.0
20061121.5 2454061.0 1663.31 1663.31 31 27 2.290570e-01 5.3115e-04     0.0
20061121.5 2454061.0 1678.61 1678.61 31 27 2.223761e-01 4.9293e-04     0.0
20061121.5 2454061.0 1693.82 1693.82 31 27 2.160364e-01 5.2606e-04     0.0
20061121.5 2454061.0 1708.93 1708.93 31 27 2.091159e-01 4.7079e-04     0.0
20061121.5 2454061.0 1723.95 1723.95 31 27 2.020116e-01 4.1848e-04     0.0
20061121.5 2454061.0 1738.86 1738.86 31 27 1.957523e-01 3.7706e-04     0.0
20061121.5 2454061.0 1753.69 1753.69 31 27 1.912918e-01 3.2167e-04     0.0
20061121.5 2454061.0 1768.43 1768.43 31 27 1.852840e-01 3.4077e-04     0.0
20061121.5 2454061.0 1783.07 1783.07 31 27 1.798394e-01 3.8211e-04     0.0
20061121.5 2454061.0 1797.62 1797.62 31 27 1.734237e-01 4.4523e-04     0.0
20061121.5 2454061.0 1812.08 1812.08 31 27 1.686822e-01 5.2929e-04     0.0
20061121.5 2454061.0 1826.44 1826.44 31 27 1.647914e-01 5.5567e-04     0.0
20061121.5 2454061.0 1840.72 1840.72 31 27 1.606372e-01 5.9965e-04     0.0
20061121.5 2454061.0 1854.90 1854.90 31 27 1.558961e-01 6.0388e-04     0.0
20061121.5 2454061.0 1869.00 1869.00 31 27 1.516087e-01 4.8829e-04     0.0
20061121.5 2454061.0 1883.00 1883.00 31 27 1.482759e-01 4.2084e-04     2.0
20061121.5 2454061.0 1896.92 1896.92 31 27 1.461113e-01 4.0477e-04     0.0
20061121.5 2454061.0 1910.75 1910.75 31 27 1.424039e-01 4.3423e-04     0.0
20061121.5 2454061.0 1924.48 1924.48 31 27 1.369590e-01 3.3870e-04     0.0
20061121.5 2454061.0 1938.13 1938.13 31 27 1.325069e-01 2.6932e-04     0.0
20061121.5 2454061.0 1951.71 1951.71 31 27 1.307488e-01 2.6006e-04     0.0
20061121.5 2454061.0 1965.19 1965.19 31 27 1.282089e-01 3.0112e-04     0.0
20061121.5 2454061.0 1978.59 1978.59 31 27 1.255958e-01 3.0320e-04     0.0
20061121.5 2454061.0 1991.92 1991.92 31 27 1.229479e-01 3.0322e-04     0.0
20061121.5 2454061.0 2005.15 2005.15 31 27 1.209561e-01 2.9517e-04     0.0
20061121.5 2454061.0 2018.31 2018.31 31 27 1.179181e-01 3.3667e-04     0.0
20061121.5 2454061.0 2031.38 2031.38 31 27 1.148203e-01 3.5988e-04     0.0
20061121.5 2454061.0 2044.38 2044.38 31 27 1.130604e-01 3.6514e-04     0.0
20061121.5 2454061.0 2057.30 2057.30 31 27 1.097760e-01 3.5276e-04     0.0
20061121.5 2454061.0 2070.13 2070.13 31 27 1.077997e-01 3.2310e-04     0.0
20061121.5 2454061.0 2082.89 2082.89 31 27 1.057381e-01 2.7695e-04     0.0
20061121.5 2454061.0 2095.58 2095.58 31 27 1.024382e-01 2.3447e-04     0.0
20061121.5 2454061.0 2108.19 2108.19 31 27 1.003105e-01 2.4915e-04     0.0
20061121.5 2454061.0 2120.73 2120.73 31 27 9.805419e-02 2.5081e-04     0.0
20061121.5 2454061.0 2133.20 2133.20 31 27 9.693942e-02 2.8395e-04     0.0
20061121.5 2454061.0 2145.59 2145.59 31 27 9.357445e-02 3.2431e-04     0.0
20061121.5 2454061.0 2157.91 2157.91 31 27 9.219228e-02 3.2635e-04     0.0
20061121.5 2454061.0 2170.15 2170.15 31 27 8.995532e-02 3.1701e-04     0.0
20061121.5 2454061.0 2182.34 2182.34 31 27 8.903926e-02 3.0875e-04     0.0
20061121.5 2454061.0 2194.44 2194.44 31 27 8.690474e-02 3.5883e-04     0.0
20061121.5 2454061.0 2206.48 2206.48 31 27 8.572314e-02 4.0825e-04     0.0
20061121.5 2454061.0 2218.45 2218.45 31 27 8.492364e-02 4.4353e-04     0.0
20061121.5 2454061.0 2230.36 2230.36 31 27 8.231006e-02 4.6497e-04     0.0
20061121.5 2454061.0 2242.20 2242.20 31 27 8.046964e-02 4.7275e-04     0.0
20061121.5 2454061.0 2253.97 2253.97 31 27 7.951280e-02 4.6711e-04     0.0
20061121.5 2454061.0 2265.68 2265.68 31 27 7.766242e-02 4.4828e-04     0.0
20061121.5 2454061.0 2277.33 2277.33 31 27 7.594767e-02 4.1647e-04     0.0
20061121.5 2454061.0 2288.91 2288.91 31 27 7.463444e-02 3.7685e-04     0.0
20061121.5 2454061.0 2300.43 2300.43 31 27 7.295426e-02 3.4364e-04     0.0
20061121.5 2454061.0 2311.89 2311.89 31 27 7.118868e-02 3.1760e-04     0.0
20061121.5 2454061.0 2323.28 2323.28 31 27 7.064921e-02 2.9861e-04     2.0
20061121.5 2454061.0 2334.63 2334.63 31 27 6.917702e-02 2.8656e-04     0.0
20061121.5 2454061.0 2345.90 2345.90 31 27 6.735190e-02 2.8135e-04     0.0
20061121.5 2454061.0 2357.11 2357.11 31 27 6.623315e-02 2.9641e-04     0.0
20061121.5 2454061.0 2368.28 2368.28 31 27 6.469588e-02 2.9106e-04     0.0
20061121.5 2454061.0 2379.37 2379.37 31 27 6.403147e-02 3.0562e-04     0.0
20061121.5 2454061.0 2390.42 2390.42 31 27 6.228099e-02 3.2669e-04     0.0
20061121.5 2454061.0 2401.40 2401.40 31 27 6.199334e-02 3.5406e-04     0.0
20061121.5 2454061.0 2412.34 2412.34 31 27 6.082534e-02 3.8767e-04     0.0